 0.000    -90.000    -180.000
 0.000    -75.000    -180.000
 0.000    -75.000    -165.000
 0.000    -75.000    -150.000
 0.000    -75.000    -135.000
 0.000    -75.000    -120.000
 0.000    -75.000    -105.000
 0.000    -75.000    -90.000
 0.000    -75.000    -75.000
 0.000    -75.000    -60.000
 0.000    -75.000    -45.000
 0.000    -75.000    -30.000
 0.000    -75.000    -15.000
 0.000    -75.000     0.000
 0.000    -75.000    15.000
 0.000    -75.000    30.000
 0.000    -75.000    45.000
 0.000    -75.000    60.000
 0.000    -75.000    75.000
 0.000    -75.000    90.000
 0.000    -75.000    105.000
 0.000    -75.000    120.000
 0.000    -75.000    135.000
 0.000    -75.000    150.000
 0.000    -75.000    165.000
 0.000    -60.000    -180.000
 0.000    -60.000    -165.000
 0.000    -60.000    -150.000
 0.000    -60.000    -135.000
 0.000    -60.000    -120.000
 0.000    -60.000    -105.000
 0.000    -60.000    -90.000
 0.000    -60.000    -75.000
 0.000    -60.000    -60.000
 0.000    -60.000    -45.000
 0.000    -60.000    -30.000
 0.000    -60.000    -15.000
 0.000    -60.000     0.000
 0.000    -60.000    15.000
 0.000    -60.000    30.000
 0.000    -60.000    45.000
 0.000    -60.000    60.000
 0.000    -60.000    75.000
 0.000    -60.000    90.000
 0.000    -60.000    105.000
 0.000    -60.000    120.000
 0.000    -60.000    135.000
 0.000    -60.000    150.000
 0.000    -60.000    165.000
 0.000    -45.000    -180.000
 0.000    -45.000    -165.000
 0.000    -45.000    -150.000
 0.000    -45.000    -135.000
 0.000    -45.000    -120.000
 0.000    -45.000    -105.000
 0.000    -45.000    -90.000
 0.000    -45.000    -75.000
 0.000    -45.000    -60.000
 0.000    -45.000    -45.000
 0.000    -45.000    -30.000
 0.000    -45.000    -15.000
 0.000    -45.000     0.000
 0.000    -45.000    15.000
 0.000    -45.000    30.000
 0.000    -45.000    45.000
 0.000    -45.000    60.000
 0.000    -45.000    75.000
 0.000    -45.000    90.000
 0.000    -45.000    105.000
 0.000    -45.000    120.000
 0.000    -45.000    135.000
 0.000    -45.000    150.000
 0.000    -45.000    165.000
 0.000    -30.000    -180.000
 0.000    -30.000    -165.000
 0.000    -30.000    -150.000
 0.000    -30.000    -135.000
 0.000    -30.000    -120.000
 0.000    -30.000    -105.000
 0.000    -30.000    -90.000
 0.000    -30.000    -75.000
 0.000    -30.000    -60.000
 0.000    -30.000    -45.000
 0.000    -30.000    -30.000
 0.000    -30.000    -15.000
 0.000    -30.000     0.000
 0.000    -30.000    15.000
 0.000    -30.000    30.000
 0.000    -30.000    45.000
 0.000    -30.000    60.000
 0.000    -30.000    75.000
 0.000    -30.000    90.000
 0.000    -30.000    105.000
 0.000    -30.000    120.000
 0.000    -30.000    135.000
 0.000    -30.000    150.000
 0.000    -30.000    165.000
 0.000    -15.000    -180.000
 0.000    -15.000    -165.000
 0.000    -15.000    -150.000
 0.000    -15.000    -135.000
 0.000    -15.000    -120.000
 0.000    -15.000    -105.000
 0.000    -15.000    -90.000
 0.000    -15.000    -75.000
 0.000    -15.000    -60.000
 0.000    -15.000    -45.000
 0.000    -15.000    -30.000
 0.000    -15.000    -15.000
 0.000    -15.000     0.000
 0.000    -15.000    15.000
 0.000    -15.000    30.000
 0.000    -15.000    45.000
 0.000    -15.000    60.000
 0.000    -15.000    75.000
 0.000    -15.000    90.000
 0.000    -15.000    105.000
 0.000    -15.000    120.000
 0.000    -15.000    135.000
 0.000    -15.000    150.000
 0.000    -15.000    165.000
 0.000     0.000    -180.000
 0.000     0.000    -165.000
 0.000     0.000    -150.000
 0.000     0.000    -135.000
 0.000     0.000    -120.000
 0.000     0.000    -105.000
 0.000     0.000    -90.000
 0.000     0.000    -75.000
 0.000     0.000    -60.000
 0.000     0.000    -45.000
 0.000     0.000    -30.000
 0.000     0.000    -15.000
 0.000     0.000     0.000
 0.000     0.000    15.000
 0.000     0.000    30.000
 0.000     0.000    45.000
 0.000     0.000    60.000
 0.000     0.000    75.000
 0.000     0.000    90.000
 0.000     0.000    105.000
 0.000     0.000    120.000
 0.000     0.000    135.000
 0.000     0.000    150.000
 0.000     0.000    165.000
 0.000    15.000    -180.000
 0.000    15.000    -165.000
 0.000    15.000    -150.000
 0.000    15.000    -135.000
 0.000    15.000    -120.000
 0.000    15.000    -105.000
 0.000    15.000    -90.000
 0.000    15.000    -75.000
 0.000    15.000    -60.000
 0.000    15.000    -45.000
 0.000    15.000    -30.000
 0.000    15.000    -15.000
 0.000    15.000     0.000
 0.000    15.000    15.000
 0.000    15.000    30.000
 0.000    15.000    45.000
 0.000    15.000    60.000
 0.000    15.000    75.000
 0.000    15.000    90.000
 0.000    15.000    105.000
 0.000    15.000    120.000
 0.000    15.000    135.000
 0.000    15.000    150.000
 0.000    15.000    165.000
 0.000    30.000    -180.000
 0.000    30.000    -165.000
 0.000    30.000    -150.000
 0.000    30.000    -135.000
 0.000    30.000    -120.000
 0.000    30.000    -105.000
 0.000    30.000    -90.000
 0.000    30.000    -75.000
 0.000    30.000    -60.000
 0.000    30.000    -45.000
 0.000    30.000    -30.000
 0.000    30.000    -15.000
 0.000    30.000     0.000
 0.000    30.000    15.000
 0.000    30.000    30.000
 0.000    30.000    45.000
 0.000    30.000    60.000
 0.000    30.000    75.000
 0.000    30.000    90.000
 0.000    30.000    105.000
 0.000    30.000    120.000
 0.000    30.000    135.000
 0.000    30.000    150.000
 0.000    30.000    165.000
 0.000    45.000    -180.000
 0.000    45.000    -165.000
 0.000    45.000    -150.000
 0.000    45.000    -135.000
 0.000    45.000    -120.000
 0.000    45.000    -105.000
 0.000    45.000    -90.000
 0.000    45.000    -75.000
 0.000    45.000    -60.000
 0.000    45.000    -45.000
 0.000    45.000    -30.000
 0.000    45.000    -15.000
 0.000    45.000     0.000
 0.000    45.000    15.000
 0.000    45.000    30.000
 0.000    45.000    45.000
 0.000    45.000    60.000
 0.000    45.000    75.000
 0.000    45.000    90.000
 0.000    45.000    105.000
 0.000    45.000    120.000
 0.000    45.000    135.000
 0.000    45.000    150.000
 0.000    45.000    165.000
 0.000    60.000    -180.000
 0.000    60.000    -165.000
 0.000    60.000    -150.000
 0.000    60.000    -135.000
 0.000    60.000    -120.000
 0.000    60.000    -105.000
 0.000    60.000    -90.000
 0.000    60.000    -75.000
 0.000    60.000    -60.000
 0.000    60.000    -45.000
 0.000    60.000    -30.000
 0.000    60.000    -15.000
 0.000    60.000     0.000
 0.000    60.000    15.000
 0.000    60.000    30.000
 0.000    60.000    45.000
 0.000    60.000    60.000
 0.000    60.000    75.000
 0.000    60.000    90.000
 0.000    60.000    105.000
 0.000    60.000    120.000
 0.000    60.000    135.000
 0.000    60.000    150.000
 0.000    60.000    165.000
 0.000    75.000    -180.000
 0.000    75.000    -165.000
 0.000    75.000    -150.000
 0.000    75.000    -135.000
 0.000    75.000    -120.000
 0.000    75.000    -105.000
 0.000    75.000    -90.000
 0.000    75.000    -75.000
 0.000    75.000    -60.000
 0.000    75.000    -45.000
 0.000    75.000    -30.000
 0.000    75.000    -15.000
 0.000    75.000     0.000
 0.000    75.000    15.000
 0.000    75.000    30.000
 0.000    75.000    45.000
 0.000    75.000    60.000
 0.000    75.000    75.000
 0.000    75.000    90.000
 0.000    75.000    105.000
 0.000    75.000    120.000
 0.000    75.000    135.000
 0.000    75.000    150.000
 0.000    75.000    165.000
 4.000    -75.000    -180.000
 4.000    -75.000    -165.000
 4.000    -75.000    -150.000
 4.000    -75.000    -135.000
 4.000    -75.000    -120.000
 4.000    -75.000    -105.000
 4.000    -75.000    -90.000
 4.000    -75.000    -75.000
 4.000    -75.000    -60.000
 4.000    -75.000    -45.000
 4.000    -75.000    -30.000
 4.000    -75.000    -15.000
 4.000    -75.000     0.000
 4.000    -75.000    15.000
 4.000    -75.000    30.000
 4.000    -75.000    45.000
 4.000    -75.000    60.000
 4.000    -75.000    75.000
 4.000    -75.000    90.000
 4.000    -75.000    105.000
 4.000    -75.000    120.000
 4.000    -75.000    135.000
 4.000    -75.000    150.000
 4.000    -75.000    165.000
 4.000    -60.000    -180.000
 4.000    -60.000    -165.000
 4.000    -60.000    -150.000
 4.000    -60.000    -135.000
 4.000    -60.000    -120.000
 4.000    -60.000    -105.000
 4.000    -60.000    -90.000
 4.000    -60.000    -75.000
 4.000    -60.000    -60.000
 4.000    -60.000    -45.000
 4.000    -60.000    -30.000
 4.000    -60.000    -15.000
 4.000    -60.000     0.000
 4.000    -60.000    15.000
 4.000    -60.000    30.000
 4.000    -60.000    45.000
 4.000    -60.000    60.000
 4.000    -60.000    75.000
 4.000    -60.000    90.000
 4.000    -60.000    105.000
 4.000    -60.000    120.000
 4.000    -60.000    135.000
 4.000    -60.000    150.000
 4.000    -60.000    165.000
 4.000    -45.000    -180.000
 4.000    -45.000    -165.000
 4.000    -45.000    -150.000
 4.000    -45.000    -135.000
 4.000    -45.000    -120.000
 4.000    -45.000    -105.000
 4.000    -45.000    -90.000
 4.000    -45.000    -75.000
 4.000    -45.000    -60.000
 4.000    -45.000    -45.000
 4.000    -45.000    -30.000
 4.000    -45.000    -15.000
 4.000    -45.000     0.000
 4.000    -45.000    15.000
 4.000    -45.000    30.000
 4.000    -45.000    45.000
 4.000    -45.000    60.000
 4.000    -45.000    75.000
 4.000    -45.000    90.000
 4.000    -45.000    105.000
 4.000    -45.000    120.000
 4.000    -45.000    135.000
 4.000    -45.000    150.000
 4.000    -45.000    165.000
 4.000    -30.000    -180.000
 4.000    -30.000    -165.000
 4.000    -30.000    -150.000
 4.000    -30.000    -135.000
 4.000    -30.000    -120.000
 4.000    -30.000    -105.000
 4.000    -30.000    -90.000
 4.000    -30.000    -75.000
 4.000    -30.000    -60.000
 4.000    -30.000    -45.000
 4.000    -30.000    -30.000
 4.000    -30.000    -15.000
 4.000    -30.000     0.000
 4.000    -30.000    15.000
 4.000    -30.000    30.000
 4.000    -30.000    45.000
 4.000    -30.000    60.000
 4.000    -30.000    75.000
 4.000    -30.000    90.000
 4.000    -30.000    105.000
 4.000    -30.000    120.000
 4.000    -30.000    135.000
 4.000    -30.000    150.000
 4.000    -30.000    165.000
 4.000    -15.000    -180.000
 4.000    -15.000    -165.000
 4.000    -15.000    -150.000
 4.000    -15.000    -135.000
 4.000    -15.000    -120.000
 4.000    -15.000    -105.000
 4.000    -15.000    -90.000
 4.000    -15.000    -75.000
 4.000    -15.000    -60.000
 4.000    -15.000    -45.000
 4.000    -15.000    -30.000
 4.000    -15.000    -15.000
 4.000    -15.000     0.000
 4.000    -15.000    15.000
 4.000    -15.000    30.000
 4.000    -15.000    45.000
 4.000    -15.000    60.000
 4.000    -15.000    75.000
 4.000    -15.000    90.000
 4.000    -15.000    105.000
 4.000    -15.000    120.000
 4.000    -15.000    135.000
 4.000    -15.000    150.000
 4.000    -15.000    165.000
 4.000     0.000    -180.000
 4.000     0.000    -165.000
 4.000     0.000    -150.000
 4.000     0.000    -135.000
 4.000     0.000    -120.000
 4.000     0.000    -105.000
 4.000     0.000    -90.000
 4.000     0.000    -75.000
 4.000     0.000    -60.000
 4.000     0.000    -45.000
 4.000     0.000    -30.000
 4.000     0.000    -15.000
 4.000     0.000     0.000
 4.000     0.000    15.000
 4.000     0.000    30.000
 4.000     0.000    45.000
 4.000     0.000    60.000
 4.000     0.000    75.000
 4.000     0.000    90.000
 4.000     0.000    105.000
 4.000     0.000    120.000
 4.000     0.000    135.000
 4.000     0.000    150.000
 4.000     0.000    165.000
 4.000    15.000    -180.000
 4.000    15.000    -165.000
 4.000    15.000    -150.000
 4.000    15.000    -135.000
 4.000    15.000    -120.000
 4.000    15.000    -105.000
 4.000    15.000    -90.000
 4.000    15.000    -75.000
 4.000    15.000    -60.000
 4.000    15.000    -45.000
 4.000    15.000    -30.000
 4.000    15.000    -15.000
 4.000    15.000     0.000
 4.000    15.000    15.000
 4.000    15.000    30.000
 4.000    15.000    45.000
 4.000    15.000    60.000
 4.000    15.000    75.000
 4.000    15.000    90.000
 4.000    15.000    105.000
 4.000    15.000    120.000
 4.000    15.000    135.000
 4.000    15.000    150.000
 4.000    15.000    165.000
 4.000    30.000    -180.000
 4.000    30.000    -165.000
 4.000    30.000    -150.000
 4.000    30.000    -135.000
 4.000    30.000    -120.000
 4.000    30.000    -105.000
 4.000    30.000    -90.000
 4.000    30.000    -75.000
 4.000    30.000    -60.000
 4.000    30.000    -45.000
 4.000    30.000    -30.000
 4.000    30.000    -15.000
 4.000    30.000     0.000
 4.000    30.000    15.000
 4.000    30.000    30.000
 4.000    30.000    45.000
 4.000    30.000    60.000
 4.000    30.000    75.000
 4.000    30.000    90.000
 4.000    30.000    105.000
 4.000    30.000    120.000
 4.000    30.000    135.000
 4.000    30.000    150.000
 4.000    30.000    165.000
 4.000    45.000    -180.000
 4.000    45.000    -165.000
 4.000    45.000    -150.000
 4.000    45.000    -135.000
 4.000    45.000    -120.000
 4.000    45.000    -105.000
 4.000    45.000    -90.000
 4.000    45.000    -75.000
 4.000    45.000    -60.000
 4.000    45.000    -45.000
 4.000    45.000    -30.000
 4.000    45.000    -15.000
 4.000    45.000     0.000
 4.000    45.000    15.000
 4.000    45.000    30.000
 4.000    45.000    45.000
 4.000    45.000    60.000
 4.000    45.000    75.000
 4.000    45.000    90.000
 4.000    45.000    105.000
 4.000    45.000    120.000
 4.000    45.000    135.000
 4.000    45.000    150.000
 4.000    45.000    165.000
 4.000    60.000    -180.000
 4.000    60.000    -165.000
 4.000    60.000    -150.000
 4.000    60.000    -135.000
 4.000    60.000    -120.000
 4.000    60.000    -105.000
 4.000    60.000    -90.000
 4.000    60.000    -75.000
 4.000    60.000    -60.000
 4.000    60.000    -45.000
 4.000    60.000    -30.000
 4.000    60.000    -15.000
 4.000    60.000     0.000
 4.000    60.000    15.000
 4.000    60.000    30.000
 4.000    60.000    45.000
 4.000    60.000    60.000
 4.000    60.000    75.000
 4.000    60.000    90.000
 4.000    60.000    105.000
 4.000    60.000    120.000
 4.000    60.000    135.000
 4.000    60.000    150.000
 4.000    60.000    165.000
 4.000    75.000    -180.000
 4.000    75.000    -165.000
 4.000    75.000    -150.000
 4.000    75.000    -135.000
 4.000    75.000    -120.000
 4.000    75.000    -105.000
 4.000    75.000    -90.000
 4.000    75.000    -75.000
 4.000    75.000    -60.000
 4.000    75.000    -45.000
 4.000    75.000    -30.000
 4.000    75.000    -15.000
 4.000    75.000     0.000
 4.000    75.000    15.000
 4.000    75.000    30.000
 4.000    75.000    45.000
 4.000    75.000    60.000
 4.000    75.000    75.000
 4.000    75.000    90.000
 4.000    75.000    105.000
 4.000    75.000    120.000
 4.000    75.000    135.000
 4.000    75.000    150.000
 4.000    75.000    165.000
 8.000    -75.000    -180.000
 8.000    -75.000    -165.000
 8.000    -75.000    -150.000
 8.000    -75.000    -135.000
 8.000    -75.000    -120.000
 8.000    -75.000    -105.000
 8.000    -75.000    -90.000
 8.000    -75.000    -75.000
 8.000    -75.000    -60.000
 8.000    -75.000    -45.000
 8.000    -75.000    -30.000
 8.000    -75.000    -15.000
 8.000    -75.000     0.000
 8.000    -75.000    15.000
 8.000    -75.000    30.000
 8.000    -75.000    45.000
 8.000    -75.000    60.000
 8.000    -75.000    75.000
 8.000    -75.000    90.000
 8.000    -75.000    105.000
 8.000    -75.000    120.000
 8.000    -75.000    135.000
 8.000    -75.000    150.000
 8.000    -75.000    165.000
 8.000    -60.000    -180.000
 8.000    -60.000    -165.000
 8.000    -60.000    -150.000
 8.000    -60.000    -135.000
 8.000    -60.000    -120.000
 8.000    -60.000    -105.000
 8.000    -60.000    -90.000
 8.000    -60.000    -75.000
 8.000    -60.000    -60.000
 8.000    -60.000    -45.000
 8.000    -60.000    -30.000
 8.000    -60.000    -15.000
 8.000    -60.000     0.000
 8.000    -60.000    15.000
 8.000    -60.000    30.000
 8.000    -60.000    45.000
 8.000    -60.000    60.000
 8.000    -60.000    75.000
 8.000    -60.000    90.000
 8.000    -60.000    105.000
 8.000    -60.000    120.000
 8.000    -60.000    135.000
 8.000    -60.000    150.000
 8.000    -60.000    165.000
 8.000    -45.000    -180.000
 8.000    -45.000    -165.000
 8.000    -45.000    -150.000
 8.000    -45.000    -135.000
 8.000    -45.000    -120.000
 8.000    -45.000    -105.000
 8.000    -45.000    -90.000
 8.000    -45.000    -75.000
 8.000    -45.000    -60.000
 8.000    -45.000    -45.000
 8.000    -45.000    -30.000
 8.000    -45.000    -15.000
 8.000    -45.000     0.000
 8.000    -45.000    15.000
 8.000    -45.000    30.000
 8.000    -45.000    45.000
 8.000    -45.000    60.000
 8.000    -45.000    75.000
 8.000    -45.000    90.000
 8.000    -45.000    105.000
 8.000    -45.000    120.000
 8.000    -45.000    135.000
 8.000    -45.000    150.000
 8.000    -45.000    165.000
 8.000    -30.000    -180.000
 8.000    -30.000    -165.000
 8.000    -30.000    -150.000
 8.000    -30.000    -135.000
 8.000    -30.000    -120.000
 8.000    -30.000    -105.000
 8.000    -30.000    -90.000
 8.000    -30.000    -75.000
 8.000    -30.000    -60.000
 8.000    -30.000    -45.000
 8.000    -30.000    -30.000
 8.000    -30.000    -15.000
 8.000    -30.000     0.000
 8.000    -30.000    15.000
 8.000    -30.000    30.000
 8.000    -30.000    45.000
 8.000    -30.000    60.000
 8.000    -30.000    75.000
 8.000    -30.000    90.000
 8.000    -30.000    105.000
 8.000    -30.000    120.000
 8.000    -30.000    135.000
 8.000    -30.000    150.000
 8.000    -30.000    165.000
 8.000    -15.000    -180.000
 8.000    -15.000    -165.000
 8.000    -15.000    -150.000
 8.000    -15.000    -135.000
 8.000    -15.000    -120.000
 8.000    -15.000    -105.000
 8.000    -15.000    -90.000
 8.000    -15.000    -75.000
 8.000    -15.000    -60.000
 8.000    -15.000    -45.000
 8.000    -15.000    -30.000
 8.000    -15.000    -15.000
 8.000    -15.000     0.000
 8.000    -15.000    15.000
 8.000    -15.000    30.000
 8.000    -15.000    45.000
 8.000    -15.000    60.000
 8.000    -15.000    75.000
 8.000    -15.000    90.000
 8.000    -15.000    105.000
 8.000    -15.000    120.000
 8.000    -15.000    135.000
 8.000    -15.000    150.000
 8.000    -15.000    165.000
 8.000     0.000    -180.000
 8.000     0.000    -165.000
 8.000     0.000    -150.000
 8.000     0.000    -135.000
 8.000     0.000    -120.000
 8.000     0.000    -105.000
 8.000     0.000    -90.000
 8.000     0.000    -75.000
 8.000     0.000    -60.000
 8.000     0.000    -45.000
 8.000     0.000    -30.000
 8.000     0.000    -15.000
 8.000     0.000     0.000
 8.000     0.000    15.000
 8.000     0.000    30.000
 8.000     0.000    45.000
 8.000     0.000    60.000
 8.000     0.000    75.000
 8.000     0.000    90.000
 8.000     0.000    105.000
 8.000     0.000    120.000
 8.000     0.000    135.000
 8.000     0.000    150.000
 8.000     0.000    165.000
 8.000    15.000    -180.000
 8.000    15.000    -165.000
 8.000    15.000    -150.000
 8.000    15.000    -135.000
 8.000    15.000    -120.000
 8.000    15.000    -105.000
 8.000    15.000    -90.000
 8.000    15.000    -75.000
 8.000    15.000    -60.000
 8.000    15.000    -45.000
 8.000    15.000    -30.000
 8.000    15.000    -15.000
 8.000    15.000     0.000
 8.000    15.000    15.000
 8.000    15.000    30.000
 8.000    15.000    45.000
 8.000    15.000    60.000
 8.000    15.000    75.000
 8.000    15.000    90.000
 8.000    15.000    105.000
 8.000    15.000    120.000
 8.000    15.000    135.000
 8.000    15.000    150.000
 8.000    15.000    165.000
 8.000    30.000    -180.000
 8.000    30.000    -165.000
 8.000    30.000    -150.000
 8.000    30.000    -135.000
 8.000    30.000    -120.000
 8.000    30.000    -105.000
 8.000    30.000    -90.000
 8.000    30.000    -75.000
 8.000    30.000    -60.000
 8.000    30.000    -45.000
 8.000    30.000    -30.000
 8.000    30.000    -15.000
 8.000    30.000     0.000
 8.000    30.000    15.000
 8.000    30.000    30.000
 8.000    30.000    45.000
 8.000    30.000    60.000
 8.000    30.000    75.000
 8.000    30.000    90.000
 8.000    30.000    105.000
 8.000    30.000    120.000
 8.000    30.000    135.000
 8.000    30.000    150.000
 8.000    30.000    165.000
 8.000    45.000    -180.000
 8.000    45.000    -165.000
 8.000    45.000    -150.000
 8.000    45.000    -135.000
 8.000    45.000    -120.000
 8.000    45.000    -105.000
 8.000    45.000    -90.000
 8.000    45.000    -75.000
 8.000    45.000    -60.000
 8.000    45.000    -45.000
 8.000    45.000    -30.000
 8.000    45.000    -15.000
 8.000    45.000     0.000
 8.000    45.000    15.000
 8.000    45.000    30.000
 8.000    45.000    45.000
 8.000    45.000    60.000
 8.000    45.000    75.000
 8.000    45.000    90.000
 8.000    45.000    105.000
 8.000    45.000    120.000
 8.000    45.000    135.000
 8.000    45.000    150.000
 8.000    45.000    165.000
 8.000    60.000    -180.000
 8.000    60.000    -165.000
 8.000    60.000    -150.000
 8.000    60.000    -135.000
 8.000    60.000    -120.000
 8.000    60.000    -105.000
 8.000    60.000    -90.000
 8.000    60.000    -75.000
 8.000    60.000    -60.000
 8.000    60.000    -45.000
 8.000    60.000    -30.000
 8.000    60.000    -15.000
 8.000    60.000     0.000
 8.000    60.000    15.000
 8.000    60.000    30.000
 8.000    60.000    45.000
 8.000    60.000    60.000
 8.000    60.000    75.000
 8.000    60.000    90.000
 8.000    60.000    105.000
 8.000    60.000    120.000
 8.000    60.000    135.000
 8.000    60.000    150.000
 8.000    60.000    165.000
 8.000    75.000    -180.000
 8.000    75.000    -165.000
 8.000    75.000    -150.000
 8.000    75.000    -135.000
 8.000    75.000    -120.000
 8.000    75.000    -105.000
 8.000    75.000    -90.000
 8.000    75.000    -75.000
 8.000    75.000    -60.000
 8.000    75.000    -45.000
 8.000    75.000    -30.000
 8.000    75.000    -15.000
 8.000    75.000     0.000
 8.000    75.000    15.000
 8.000    75.000    30.000
 8.000    75.000    45.000
 8.000    75.000    60.000
 8.000    75.000    75.000
 8.000    75.000    90.000
 8.000    75.000    105.000
 8.000    75.000    120.000
 8.000    75.000    135.000
 8.000    75.000    150.000
 8.000    75.000    165.000
12.000    -75.000    -180.000
12.000    -75.000    -165.000
12.000    -75.000    -150.000
12.000    -75.000    -135.000
12.000    -75.000    -120.000
12.000    -75.000    -105.000
12.000    -75.000    -90.000
12.000    -75.000    -75.000
12.000    -75.000    -60.000
12.000    -75.000    -45.000
12.000    -75.000    -30.000
12.000    -75.000    -15.000
12.000    -75.000     0.000
12.000    -75.000    15.000
12.000    -75.000    30.000
12.000    -75.000    45.000
12.000    -75.000    60.000
12.000    -75.000    75.000
12.000    -75.000    90.000
12.000    -75.000    105.000
12.000    -75.000    120.000
12.000    -75.000    135.000
12.000    -75.000    150.000
12.000    -75.000    165.000
12.000    -60.000    -180.000
12.000    -60.000    -165.000
12.000    -60.000    -150.000
12.000    -60.000    -135.000
12.000    -60.000    -120.000
12.000    -60.000    -105.000
12.000    -60.000    -90.000
12.000    -60.000    -75.000
12.000    -60.000    -60.000
12.000    -60.000    -45.000
12.000    -60.000    -30.000
12.000    -60.000    -15.000
12.000    -60.000     0.000
12.000    -60.000    15.000
12.000    -60.000    30.000
12.000    -60.000    45.000
12.000    -60.000    60.000
12.000    -60.000    75.000
12.000    -60.000    90.000
12.000    -60.000    105.000
12.000    -60.000    120.000
12.000    -60.000    135.000
12.000    -60.000    150.000
12.000    -60.000    165.000
12.000    -45.000    -180.000
12.000    -45.000    -165.000
12.000    -45.000    -150.000
12.000    -45.000    -135.000
12.000    -45.000    -120.000
12.000    -45.000    -105.000
12.000    -45.000    -90.000
12.000    -45.000    -75.000
12.000    -45.000    -60.000
12.000    -45.000    -45.000
12.000    -45.000    -30.000
12.000    -45.000    -15.000
12.000    -45.000     0.000
12.000    -45.000    15.000
12.000    -45.000    30.000
12.000    -45.000    45.000
12.000    -45.000    60.000
12.000    -45.000    75.000
12.000    -45.000    90.000
12.000    -45.000    105.000
12.000    -45.000    120.000
12.000    -45.000    135.000
12.000    -45.000    150.000
12.000    -45.000    165.000
12.000    -30.000    -180.000
12.000    -30.000    -165.000
12.000    -30.000    -150.000
12.000    -30.000    -135.000
12.000    -30.000    -120.000
12.000    -30.000    -105.000
12.000    -30.000    -90.000
12.000    -30.000    -75.000
12.000    -30.000    -60.000
12.000    -30.000    -45.000
12.000    -30.000    -30.000
12.000    -30.000    -15.000
12.000    -30.000     0.000
12.000    -30.000    15.000
12.000    -30.000    30.000
12.000    -30.000    45.000
12.000    -30.000    60.000
12.000    -30.000    75.000
12.000    -30.000    90.000
12.000    -30.000    105.000
12.000    -30.000    120.000
12.000    -30.000    135.000
12.000    -30.000    150.000
12.000    -30.000    165.000
12.000    -15.000    -180.000
12.000    -15.000    -165.000
12.000    -15.000    -150.000
12.000    -15.000    -135.000
12.000    -15.000    -120.000
12.000    -15.000    -105.000
12.000    -15.000    -90.000
12.000    -15.000    -75.000
12.000    -15.000    -60.000
12.000    -15.000    -45.000
12.000    -15.000    -30.000
12.000    -15.000    -15.000
12.000    -15.000     0.000
12.000    -15.000    15.000
12.000    -15.000    30.000
12.000    -15.000    45.000
12.000    -15.000    60.000
12.000    -15.000    75.000
12.000    -15.000    90.000
12.000    -15.000    105.000
12.000    -15.000    120.000
12.000    -15.000    135.000
12.000    -15.000    150.000
12.000    -15.000    165.000
12.000     0.000    -180.000
12.000     0.000    -165.000
12.000     0.000    -150.000
12.000     0.000    -135.000
12.000     0.000    -120.000
12.000     0.000    -105.000
12.000     0.000    -90.000
12.000     0.000    -75.000
12.000     0.000    -60.000
12.000     0.000    -45.000
12.000     0.000    -30.000
12.000     0.000    -15.000
12.000     0.000     0.000
12.000     0.000    15.000
12.000     0.000    30.000
12.000     0.000    45.000
12.000     0.000    60.000
12.000     0.000    75.000
12.000     0.000    90.000
12.000     0.000    105.000
12.000     0.000    120.000
12.000     0.000    135.000
12.000     0.000    150.000
12.000     0.000    165.000
12.000    15.000    -180.000
12.000    15.000    -165.000
12.000    15.000    -150.000
12.000    15.000    -135.000
12.000    15.000    -120.000
12.000    15.000    -105.000
12.000    15.000    -90.000
12.000    15.000    -75.000
12.000    15.000    -60.000
12.000    15.000    -45.000
12.000    15.000    -30.000
12.000    15.000    -15.000
12.000    15.000     0.000
12.000    15.000    15.000
12.000    15.000    30.000
12.000    15.000    45.000
12.000    15.000    60.000
12.000    15.000    75.000
12.000    15.000    90.000
12.000    15.000    105.000
12.000    15.000    120.000
12.000    15.000    135.000
12.000    15.000    150.000
12.000    15.000    165.000
12.000    30.000    -180.000
12.000    30.000    -165.000
12.000    30.000    -150.000
12.000    30.000    -135.000
12.000    30.000    -120.000
12.000    30.000    -105.000
12.000    30.000    -90.000
12.000    30.000    -75.000
12.000    30.000    -60.000
12.000    30.000    -45.000
12.000    30.000    -30.000
12.000    30.000    -15.000
12.000    30.000     0.000
12.000    30.000    15.000
12.000    30.000    30.000
12.000    30.000    45.000
12.000    30.000    60.000
12.000    30.000    75.000
12.000    30.000    90.000
12.000    30.000    105.000
12.000    30.000    120.000
12.000    30.000    135.000
12.000    30.000    150.000
12.000    30.000    165.000
12.000    45.000    -180.000
12.000    45.000    -165.000
12.000    45.000    -150.000
12.000    45.000    -135.000
12.000    45.000    -120.000
12.000    45.000    -105.000
12.000    45.000    -90.000
12.000    45.000    -75.000
12.000    45.000    -60.000
12.000    45.000    -45.000
12.000    45.000    -30.000
12.000    45.000    -15.000
12.000    45.000     0.000
12.000    45.000    15.000
12.000    45.000    30.000
12.000    45.000    45.000
12.000    45.000    60.000
12.000    45.000    75.000
12.000    45.000    90.000
12.000    45.000    105.000
12.000    45.000    120.000
12.000    45.000    135.000
12.000    45.000    150.000
12.000    45.000    165.000
12.000    60.000    -180.000
12.000    60.000    -165.000
12.000    60.000    -150.000
12.000    60.000    -135.000
12.000    60.000    -120.000
12.000    60.000    -105.000
12.000    60.000    -90.000
12.000    60.000    -75.000
12.000    60.000    -60.000
12.000    60.000    -45.000
12.000    60.000    -30.000
12.000    60.000    -15.000
12.000    60.000     0.000
12.000    60.000    15.000
12.000    60.000    30.000
12.000    60.000    45.000
12.000    60.000    60.000
12.000    60.000    75.000
12.000    60.000    90.000
12.000    60.000    105.000
12.000    60.000    120.000
12.000    60.000    135.000
12.000    60.000    150.000
12.000    60.000    165.000
12.000    75.000    -180.000
12.000    75.000    -165.000
12.000    75.000    -150.000
12.000    75.000    -135.000
12.000    75.000    -120.000
12.000    75.000    -105.000
12.000    75.000    -90.000
12.000    75.000    -75.000
12.000    75.000    -60.000
12.000    75.000    -45.000
12.000    75.000    -30.000
12.000    75.000    -15.000
12.000    75.000     0.000
12.000    75.000    15.000
12.000    75.000    30.000
12.000    75.000    45.000
12.000    75.000    60.000
12.000    75.000    75.000
12.000    75.000    90.000
12.000    75.000    105.000
12.000    75.000    120.000
12.000    75.000    135.000
12.000    75.000    150.000
12.000    75.000    165.000
16.000    -75.000    -180.000
16.000    -75.000    -165.000
16.000    -75.000    -150.000
16.000    -75.000    -135.000
16.000    -75.000    -120.000
16.000    -75.000    -105.000
16.000    -75.000    -90.000
16.000    -75.000    -75.000
16.000    -75.000    -60.000
16.000    -75.000    -45.000
16.000    -75.000    -30.000
16.000    -75.000    -15.000
16.000    -75.000     0.000
16.000    -75.000    15.000
16.000    -75.000    30.000
16.000    -75.000    45.000
16.000    -75.000    60.000
16.000    -75.000    75.000
16.000    -75.000    90.000
16.000    -75.000    105.000
16.000    -75.000    120.000
16.000    -75.000    135.000
16.000    -75.000    150.000
16.000    -75.000    165.000
16.000    -60.000    -180.000
16.000    -60.000    -165.000
16.000    -60.000    -150.000
16.000    -60.000    -135.000
16.000    -60.000    -120.000
16.000    -60.000    -105.000
16.000    -60.000    -90.000
16.000    -60.000    -75.000
16.000    -60.000    -60.000
16.000    -60.000    -45.000
16.000    -60.000    -30.000
16.000    -60.000    -15.000
16.000    -60.000     0.000
16.000    -60.000    15.000
16.000    -60.000    30.000
16.000    -60.000    45.000
16.000    -60.000    60.000
16.000    -60.000    75.000
16.000    -60.000    90.000
16.000    -60.000    105.000
16.000    -60.000    120.000
16.000    -60.000    135.000
16.000    -60.000    150.000
16.000    -60.000    165.000
16.000    -45.000    -180.000
16.000    -45.000    -165.000
16.000    -45.000    -150.000
16.000    -45.000    -135.000
16.000    -45.000    -120.000
16.000    -45.000    -105.000
16.000    -45.000    -90.000
16.000    -45.000    -75.000
16.000    -45.000    -60.000
16.000    -45.000    -45.000
16.000    -45.000    -30.000
16.000    -45.000    -15.000
16.000    -45.000     0.000
16.000    -45.000    15.000
16.000    -45.000    30.000
16.000    -45.000    45.000
16.000    -45.000    60.000
16.000    -45.000    75.000
16.000    -45.000    90.000
16.000    -45.000    105.000
16.000    -45.000    120.000
16.000    -45.000    135.000
16.000    -45.000    150.000
16.000    -45.000    165.000
16.000    -30.000    -180.000
16.000    -30.000    -165.000
16.000    -30.000    -150.000
16.000    -30.000    -135.000
16.000    -30.000    -120.000
16.000    -30.000    -105.000
16.000    -30.000    -90.000
16.000    -30.000    -75.000
16.000    -30.000    -60.000
16.000    -30.000    -45.000
16.000    -30.000    -30.000
16.000    -30.000    -15.000
16.000    -30.000     0.000
16.000    -30.000    15.000
16.000    -30.000    30.000
16.000    -30.000    45.000
16.000    -30.000    60.000
16.000    -30.000    75.000
16.000    -30.000    90.000
16.000    -30.000    105.000
16.000    -30.000    120.000
16.000    -30.000    135.000
16.000    -30.000    150.000
16.000    -30.000    165.000
16.000    -15.000    -180.000
16.000    -15.000    -165.000
16.000    -15.000    -150.000
16.000    -15.000    -135.000
16.000    -15.000    -120.000
16.000    -15.000    -105.000
16.000    -15.000    -90.000
16.000    -15.000    -75.000
16.000    -15.000    -60.000
16.000    -15.000    -45.000
16.000    -15.000    -30.000
16.000    -15.000    -15.000
16.000    -15.000     0.000
16.000    -15.000    15.000
16.000    -15.000    30.000
16.000    -15.000    45.000
16.000    -15.000    60.000
16.000    -15.000    75.000
16.000    -15.000    90.000
16.000    -15.000    105.000
16.000    -15.000    120.000
16.000    -15.000    135.000
16.000    -15.000    150.000
16.000    -15.000    165.000
16.000     0.000    -180.000
16.000     0.000    -165.000
16.000     0.000    -150.000
16.000     0.000    -135.000
16.000     0.000    -120.000
16.000     0.000    -105.000
16.000     0.000    -90.000
16.000     0.000    -75.000
16.000     0.000    -60.000
16.000     0.000    -45.000
16.000     0.000    -30.000
16.000     0.000    -15.000
16.000     0.000     0.000
16.000     0.000    15.000
16.000     0.000    30.000
16.000     0.000    45.000
16.000     0.000    60.000
16.000     0.000    75.000
16.000     0.000    90.000
16.000     0.000    105.000
16.000     0.000    120.000
16.000     0.000    135.000
16.000     0.000    150.000
16.000     0.000    165.000
16.000    15.000    -180.000
16.000    15.000    -165.000
16.000    15.000    -150.000
16.000    15.000    -135.000
16.000    15.000    -120.000
16.000    15.000    -105.000
16.000    15.000    -90.000
16.000    15.000    -75.000
16.000    15.000    -60.000
16.000    15.000    -45.000
16.000    15.000    -30.000
16.000    15.000    -15.000
16.000    15.000     0.000
16.000    15.000    15.000
16.000    15.000    30.000
16.000    15.000    45.000
16.000    15.000    60.000
16.000    15.000    75.000
16.000    15.000    90.000
16.000    15.000    105.000
16.000    15.000    120.000
16.000    15.000    135.000
16.000    15.000    150.000
16.000    15.000    165.000
16.000    30.000    -180.000
16.000    30.000    -165.000
16.000    30.000    -150.000
16.000    30.000    -135.000
16.000    30.000    -120.000
16.000    30.000    -105.000
16.000    30.000    -90.000
16.000    30.000    -75.000
16.000    30.000    -60.000
16.000    30.000    -45.000
16.000    30.000    -30.000
16.000    30.000    -15.000
16.000    30.000     0.000
16.000    30.000    15.000
16.000    30.000    30.000
16.000    30.000    45.000
16.000    30.000    60.000
16.000    30.000    75.000
16.000    30.000    90.000
16.000    30.000    105.000
16.000    30.000    120.000
16.000    30.000    135.000
16.000    30.000    150.000
16.000    30.000    165.000
16.000    45.000    -180.000
16.000    45.000    -165.000
16.000    45.000    -150.000
16.000    45.000    -135.000
16.000    45.000    -120.000
16.000    45.000    -105.000
16.000    45.000    -90.000
16.000    45.000    -75.000
16.000    45.000    -60.000
16.000    45.000    -45.000
16.000    45.000    -30.000
16.000    45.000    -15.000
16.000    45.000     0.000
16.000    45.000    15.000
16.000    45.000    30.000
16.000    45.000    45.000
16.000    45.000    60.000
16.000    45.000    75.000
16.000    45.000    90.000
16.000    45.000    105.000
16.000    45.000    120.000
16.000    45.000    135.000
16.000    45.000    150.000
16.000    45.000    165.000
16.000    60.000    -180.000
16.000    60.000    -165.000
16.000    60.000    -150.000
16.000    60.000    -135.000
16.000    60.000    -120.000
16.000    60.000    -105.000
16.000    60.000    -90.000
16.000    60.000    -75.000
16.000    60.000    -60.000
16.000    60.000    -45.000
16.000    60.000    -30.000
16.000    60.000    -15.000
16.000    60.000     0.000
16.000    60.000    15.000
16.000    60.000    30.000
16.000    60.000    45.000
16.000    60.000    60.000
16.000    60.000    75.000
16.000    60.000    90.000
16.000    60.000    105.000
16.000    60.000    120.000
16.000    60.000    135.000
16.000    60.000    150.000
16.000    60.000    165.000
16.000    75.000    -180.000
16.000    75.000    -165.000
16.000    75.000    -150.000
16.000    75.000    -135.000
16.000    75.000    -120.000
16.000    75.000    -105.000
16.000    75.000    -90.000
16.000    75.000    -75.000
16.000    75.000    -60.000
16.000    75.000    -45.000
16.000    75.000    -30.000
16.000    75.000    -15.000
16.000    75.000     0.000
16.000    75.000    15.000
16.000    75.000    30.000
16.000    75.000    45.000
16.000    75.000    60.000
16.000    75.000    75.000
16.000    75.000    90.000
16.000    75.000    105.000
16.000    75.000    120.000
16.000    75.000    135.000
16.000    75.000    150.000
16.000    75.000    165.000
20.000    -75.000    -180.000
20.000    -75.000    -165.000
20.000    -75.000    -150.000
20.000    -75.000    -135.000
20.000    -75.000    -120.000
20.000    -75.000    -105.000
20.000    -75.000    -90.000
20.000    -75.000    -75.000
20.000    -75.000    -60.000
20.000    -75.000    -45.000
20.000    -75.000    -30.000
20.000    -75.000    -15.000
20.000    -75.000     0.000
20.000    -75.000    15.000
20.000    -75.000    30.000
20.000    -75.000    45.000
20.000    -75.000    60.000
20.000    -75.000    75.000
20.000    -75.000    90.000
20.000    -75.000    105.000
20.000    -75.000    120.000
20.000    -75.000    135.000
20.000    -75.000    150.000
20.000    -75.000    165.000
20.000    -60.000    -180.000
20.000    -60.000    -165.000
20.000    -60.000    -150.000
20.000    -60.000    -135.000
20.000    -60.000    -120.000
20.000    -60.000    -105.000
20.000    -60.000    -90.000
20.000    -60.000    -75.000
20.000    -60.000    -60.000
20.000    -60.000    -45.000
20.000    -60.000    -30.000
20.000    -60.000    -15.000
20.000    -60.000     0.000
20.000    -60.000    15.000
20.000    -60.000    30.000
20.000    -60.000    45.000
20.000    -60.000    60.000
20.000    -60.000    75.000
20.000    -60.000    90.000
20.000    -60.000    105.000
20.000    -60.000    120.000
20.000    -60.000    135.000
20.000    -60.000    150.000
20.000    -60.000    165.000
20.000    -45.000    -180.000
20.000    -45.000    -165.000
20.000    -45.000    -150.000
20.000    -45.000    -135.000
20.000    -45.000    -120.000
20.000    -45.000    -105.000
20.000    -45.000    -90.000
20.000    -45.000    -75.000
20.000    -45.000    -60.000
20.000    -45.000    -45.000
20.000    -45.000    -30.000
20.000    -45.000    -15.000
20.000    -45.000     0.000
20.000    -45.000    15.000
20.000    -45.000    30.000
20.000    -45.000    45.000
20.000    -45.000    60.000
20.000    -45.000    75.000
20.000    -45.000    90.000
20.000    -45.000    105.000
20.000    -45.000    120.000
20.000    -45.000    135.000
20.000    -45.000    150.000
20.000    -45.000    165.000
20.000    -30.000    -180.000
20.000    -30.000    -165.000
20.000    -30.000    -150.000
20.000    -30.000    -135.000
20.000    -30.000    -120.000
20.000    -30.000    -105.000
20.000    -30.000    -90.000
20.000    -30.000    -75.000
20.000    -30.000    -60.000
20.000    -30.000    -45.000
20.000    -30.000    -30.000
20.000    -30.000    -15.000
20.000    -30.000     0.000
20.000    -30.000    15.000
20.000    -30.000    30.000
20.000    -30.000    45.000
20.000    -30.000    60.000
20.000    -30.000    75.000
20.000    -30.000    90.000
20.000    -30.000    105.000
20.000    -30.000    120.000
20.000    -30.000    135.000
20.000    -30.000    150.000
20.000    -30.000    165.000
20.000    -15.000    -180.000
20.000    -15.000    -165.000
20.000    -15.000    -150.000
20.000    -15.000    -135.000
20.000    -15.000    -120.000
20.000    -15.000    -105.000
20.000    -15.000    -90.000
20.000    -15.000    -75.000
20.000    -15.000    -60.000
20.000    -15.000    -45.000
20.000    -15.000    -30.000
20.000    -15.000    -15.000
20.000    -15.000     0.000
20.000    -15.000    15.000
20.000    -15.000    30.000
20.000    -15.000    45.000
20.000    -15.000    60.000
20.000    -15.000    75.000
20.000    -15.000    90.000
20.000    -15.000    105.000
20.000    -15.000    120.000
20.000    -15.000    135.000
20.000    -15.000    150.000
20.000    -15.000    165.000
20.000     0.000    -180.000
20.000     0.000    -165.000
20.000     0.000    -150.000
20.000     0.000    -135.000
20.000     0.000    -120.000
20.000     0.000    -105.000
20.000     0.000    -90.000
20.000     0.000    -75.000
20.000     0.000    -60.000
20.000     0.000    -45.000
20.000     0.000    -30.000
20.000     0.000    -15.000
20.000     0.000     0.000
20.000     0.000    15.000
20.000     0.000    30.000
20.000     0.000    45.000
20.000     0.000    60.000
20.000     0.000    75.000
20.000     0.000    90.000
20.000     0.000    105.000
20.000     0.000    120.000
20.000     0.000    135.000
20.000     0.000    150.000
20.000     0.000    165.000
20.000    15.000    -180.000
20.000    15.000    -165.000
20.000    15.000    -150.000
20.000    15.000    -135.000
20.000    15.000    -120.000
20.000    15.000    -105.000
20.000    15.000    -90.000
20.000    15.000    -75.000
20.000    15.000    -60.000
20.000    15.000    -45.000
20.000    15.000    -30.000
20.000    15.000    -15.000
20.000    15.000     0.000
20.000    15.000    15.000
20.000    15.000    30.000
20.000    15.000    45.000
20.000    15.000    60.000
20.000    15.000    75.000
20.000    15.000    90.000
20.000    15.000    105.000
20.000    15.000    120.000
20.000    15.000    135.000
20.000    15.000    150.000
20.000    15.000    165.000
20.000    30.000    -180.000
20.000    30.000    -165.000
20.000    30.000    -150.000
20.000    30.000    -135.000
20.000    30.000    -120.000
20.000    30.000    -105.000
20.000    30.000    -90.000
20.000    30.000    -75.000
20.000    30.000    -60.000
20.000    30.000    -45.000
20.000    30.000    -30.000
20.000    30.000    -15.000
20.000    30.000     0.000
20.000    30.000    15.000
20.000    30.000    30.000
20.000    30.000    45.000
20.000    30.000    60.000
20.000    30.000    75.000
20.000    30.000    90.000
20.000    30.000    105.000
20.000    30.000    120.000
20.000    30.000    135.000
20.000    30.000    150.000
20.000    30.000    165.000
20.000    45.000    -180.000
20.000    45.000    -165.000
20.000    45.000    -150.000
20.000    45.000    -135.000
20.000    45.000    -120.000
20.000    45.000    -105.000
20.000    45.000    -90.000
20.000    45.000    -75.000
20.000    45.000    -60.000
20.000    45.000    -45.000
20.000    45.000    -30.000
20.000    45.000    -15.000
20.000    45.000     0.000
20.000    45.000    15.000
20.000    45.000    30.000
20.000    45.000    45.000
20.000    45.000    60.000
20.000    45.000    75.000
20.000    45.000    90.000
20.000    45.000    105.000
20.000    45.000    120.000
20.000    45.000    135.000
20.000    45.000    150.000
20.000    45.000    165.000
20.000    60.000    -180.000
20.000    60.000    -165.000
20.000    60.000    -150.000
20.000    60.000    -135.000
20.000    60.000    -120.000
20.000    60.000    -105.000
20.000    60.000    -90.000
20.000    60.000    -75.000
20.000    60.000    -60.000
20.000    60.000    -45.000
20.000    60.000    -30.000
20.000    60.000    -15.000
20.000    60.000     0.000
20.000    60.000    15.000
20.000    60.000    30.000
20.000    60.000    45.000
20.000    60.000    60.000
20.000    60.000    75.000
20.000    60.000    90.000
20.000    60.000    105.000
20.000    60.000    120.000
20.000    60.000    135.000
20.000    60.000    150.000
20.000    60.000    165.000
20.000    75.000    -180.000
20.000    75.000    -165.000
20.000    75.000    -150.000
20.000    75.000    -135.000
20.000    75.000    -120.000
20.000    75.000    -105.000
20.000    75.000    -90.000
20.000    75.000    -75.000
20.000    75.000    -60.000
20.000    75.000    -45.000
20.000    75.000    -30.000
20.000    75.000    -15.000
20.000    75.000     0.000
20.000    75.000    15.000
20.000    75.000    30.000
20.000    75.000    45.000
20.000    75.000    60.000
20.000    75.000    75.000
20.000    75.000    90.000
20.000    75.000    105.000
20.000    75.000    120.000
20.000    75.000    135.000
20.000    75.000    150.000
20.000    75.000    165.000
24.000    -75.000    -180.000
24.000    -75.000    -165.000
24.000    -75.000    -150.000
24.000    -75.000    -135.000
24.000    -75.000    -120.000
24.000    -75.000    -105.000
24.000    -75.000    -90.000
24.000    -75.000    -75.000
24.000    -75.000    -60.000
24.000    -75.000    -45.000
24.000    -75.000    -30.000
24.000    -75.000    -15.000
24.000    -75.000     0.000
24.000    -75.000    15.000
24.000    -75.000    30.000
24.000    -75.000    45.000
24.000    -75.000    60.000
24.000    -75.000    75.000
24.000    -75.000    90.000
24.000    -75.000    105.000
24.000    -75.000    120.000
24.000    -75.000    135.000
24.000    -75.000    150.000
24.000    -75.000    165.000
24.000    -60.000    -180.000
24.000    -60.000    -165.000
24.000    -60.000    -150.000
24.000    -60.000    -135.000
24.000    -60.000    -120.000
24.000    -60.000    -105.000
24.000    -60.000    -90.000
24.000    -60.000    -75.000
24.000    -60.000    -60.000
24.000    -60.000    -45.000
24.000    -60.000    -30.000
24.000    -60.000    -15.000
24.000    -60.000     0.000
24.000    -60.000    15.000
24.000    -60.000    30.000
24.000    -60.000    45.000
24.000    -60.000    60.000
24.000    -60.000    75.000
24.000    -60.000    90.000
24.000    -60.000    105.000
24.000    -60.000    120.000
24.000    -60.000    135.000
24.000    -60.000    150.000
24.000    -60.000    165.000
24.000    -45.000    -180.000
24.000    -45.000    -165.000
24.000    -45.000    -150.000
24.000    -45.000    -135.000
24.000    -45.000    -120.000
24.000    -45.000    -105.000
24.000    -45.000    -90.000
24.000    -45.000    -75.000
24.000    -45.000    -60.000
24.000    -45.000    -45.000
24.000    -45.000    -30.000
24.000    -45.000    -15.000
24.000    -45.000     0.000
24.000    -45.000    15.000
24.000    -45.000    30.000
24.000    -45.000    45.000
24.000    -45.000    60.000
24.000    -45.000    75.000
24.000    -45.000    90.000
24.000    -45.000    105.000
24.000    -45.000    120.000
24.000    -45.000    135.000
24.000    -45.000    150.000
24.000    -45.000    165.000
24.000    -30.000    -180.000
24.000    -30.000    -165.000
24.000    -30.000    -150.000
24.000    -30.000    -135.000
24.000    -30.000    -120.000
24.000    -30.000    -105.000
24.000    -30.000    -90.000
24.000    -30.000    -75.000
24.000    -30.000    -60.000
24.000    -30.000    -45.000
24.000    -30.000    -30.000
24.000    -30.000    -15.000
24.000    -30.000     0.000
24.000    -30.000    15.000
24.000    -30.000    30.000
24.000    -30.000    45.000
24.000    -30.000    60.000
24.000    -30.000    75.000
24.000    -30.000    90.000
24.000    -30.000    105.000
24.000    -30.000    120.000
24.000    -30.000    135.000
24.000    -30.000    150.000
24.000    -30.000    165.000
24.000    -15.000    -180.000
24.000    -15.000    -165.000
24.000    -15.000    -150.000
24.000    -15.000    -135.000
24.000    -15.000    -120.000
24.000    -15.000    -105.000
24.000    -15.000    -90.000
24.000    -15.000    -75.000
24.000    -15.000    -60.000
24.000    -15.000    -45.000
24.000    -15.000    -30.000
24.000    -15.000    -15.000
24.000    -15.000     0.000
24.000    -15.000    15.000
24.000    -15.000    30.000
24.000    -15.000    45.000
24.000    -15.000    60.000
24.000    -15.000    75.000
24.000    -15.000    90.000
24.000    -15.000    105.000
24.000    -15.000    120.000
24.000    -15.000    135.000
24.000    -15.000    150.000
24.000    -15.000    165.000
24.000     0.000    -180.000
24.000     0.000    -165.000
24.000     0.000    -150.000
24.000     0.000    -135.000
24.000     0.000    -120.000
24.000     0.000    -105.000
24.000     0.000    -90.000
24.000     0.000    -75.000
24.000     0.000    -60.000
24.000     0.000    -45.000
24.000     0.000    -30.000
24.000     0.000    -15.000
24.000     0.000     0.000
24.000     0.000    15.000
24.000     0.000    30.000
24.000     0.000    45.000
24.000     0.000    60.000
24.000     0.000    75.000
24.000     0.000    90.000
24.000     0.000    105.000
24.000     0.000    120.000
24.000     0.000    135.000
24.000     0.000    150.000
24.000     0.000    165.000
24.000    15.000    -180.000
24.000    15.000    -165.000
24.000    15.000    -150.000
24.000    15.000    -135.000
24.000    15.000    -120.000
24.000    15.000    -105.000
24.000    15.000    -90.000
24.000    15.000    -75.000
24.000    15.000    -60.000
24.000    15.000    -45.000
24.000    15.000    -30.000
24.000    15.000    -15.000
24.000    15.000     0.000
24.000    15.000    15.000
24.000    15.000    30.000
24.000    15.000    45.000
24.000    15.000    60.000
24.000    15.000    75.000
24.000    15.000    90.000
24.000    15.000    105.000
24.000    15.000    120.000
24.000    15.000    135.000
24.000    15.000    150.000
24.000    15.000    165.000
24.000    30.000    -180.000
24.000    30.000    -165.000
24.000    30.000    -150.000
24.000    30.000    -135.000
24.000    30.000    -120.000
24.000    30.000    -105.000
24.000    30.000    -90.000
24.000    30.000    -75.000
24.000    30.000    -60.000
24.000    30.000    -45.000
24.000    30.000    -30.000
24.000    30.000    -15.000
24.000    30.000     0.000
24.000    30.000    15.000
24.000    30.000    30.000
24.000    30.000    45.000
24.000    30.000    60.000
24.000    30.000    75.000
24.000    30.000    90.000
24.000    30.000    105.000
24.000    30.000    120.000
24.000    30.000    135.000
24.000    30.000    150.000
24.000    30.000    165.000
24.000    45.000    -180.000
24.000    45.000    -165.000
24.000    45.000    -150.000
24.000    45.000    -135.000
24.000    45.000    -120.000
24.000    45.000    -105.000
24.000    45.000    -90.000
24.000    45.000    -75.000
24.000    45.000    -60.000
24.000    45.000    -45.000
24.000    45.000    -30.000
24.000    45.000    -15.000
24.000    45.000     0.000
24.000    45.000    15.000
24.000    45.000    30.000
24.000    45.000    45.000
24.000    45.000    60.000
24.000    45.000    75.000
24.000    45.000    90.000
24.000    45.000    105.000
24.000    45.000    120.000
24.000    45.000    135.000
24.000    45.000    150.000
24.000    45.000    165.000
24.000    60.000    -180.000
24.000    60.000    -165.000
24.000    60.000    -150.000
24.000    60.000    -135.000
24.000    60.000    -120.000
24.000    60.000    -105.000
24.000    60.000    -90.000
24.000    60.000    -75.000
24.000    60.000    -60.000
24.000    60.000    -45.000
24.000    60.000    -30.000
24.000    60.000    -15.000
24.000    60.000     0.000
24.000    60.000    15.000
24.000    60.000    30.000
24.000    60.000    45.000
24.000    60.000    60.000
24.000    60.000    75.000
24.000    60.000    90.000
24.000    60.000    105.000
24.000    60.000    120.000
24.000    60.000    135.000
24.000    60.000    150.000
24.000    60.000    165.000
24.000    75.000    -180.000
24.000    75.000    -165.000
24.000    75.000    -150.000
24.000    75.000    -135.000
24.000    75.000    -120.000
24.000    75.000    -105.000
24.000    75.000    -90.000
24.000    75.000    -75.000
24.000    75.000    -60.000
24.000    75.000    -45.000
24.000    75.000    -30.000
24.000    75.000    -15.000
24.000    75.000     0.000
24.000    75.000    15.000
24.000    75.000    30.000
24.000    75.000    45.000
24.000    75.000    60.000
24.000    75.000    75.000
24.000    75.000    90.000
24.000    75.000    105.000
24.000    75.000    120.000
24.000    75.000    135.000
24.000    75.000    150.000
24.000    75.000    165.000
28.000    -75.000    -180.000
28.000    -75.000    -165.000
28.000    -75.000    -150.000
28.000    -75.000    -135.000
28.000    -75.000    -120.000
28.000    -75.000    -105.000
28.000    -75.000    -90.000
28.000    -75.000    -75.000
28.000    -75.000    -60.000
28.000    -75.000    -45.000
28.000    -75.000    -30.000
28.000    -75.000    -15.000
28.000    -75.000     0.000
28.000    -75.000    15.000
28.000    -75.000    30.000
28.000    -75.000    45.000
28.000    -75.000    60.000
28.000    -75.000    75.000
28.000    -75.000    90.000
28.000    -75.000    105.000
28.000    -75.000    120.000
28.000    -75.000    135.000
28.000    -75.000    150.000
28.000    -75.000    165.000
28.000    -60.000    -180.000
28.000    -60.000    -165.000
28.000    -60.000    -150.000
28.000    -60.000    -135.000
28.000    -60.000    -120.000
28.000    -60.000    -105.000
28.000    -60.000    -90.000
28.000    -60.000    -75.000
28.000    -60.000    -60.000
28.000    -60.000    -45.000
28.000    -60.000    -30.000
28.000    -60.000    -15.000
28.000    -60.000     0.000
28.000    -60.000    15.000
28.000    -60.000    30.000
28.000    -60.000    45.000
28.000    -60.000    60.000
28.000    -60.000    75.000
28.000    -60.000    90.000
28.000    -60.000    105.000
28.000    -60.000    120.000
28.000    -60.000    135.000
28.000    -60.000    150.000
28.000    -60.000    165.000
28.000    -45.000    -180.000
28.000    -45.000    -165.000
28.000    -45.000    -150.000
28.000    -45.000    -135.000
28.000    -45.000    -120.000
28.000    -45.000    -105.000
28.000    -45.000    -90.000
28.000    -45.000    -75.000
28.000    -45.000    -60.000
28.000    -45.000    -45.000
28.000    -45.000    -30.000
28.000    -45.000    -15.000
28.000    -45.000     0.000
28.000    -45.000    15.000
28.000    -45.000    30.000
28.000    -45.000    45.000
28.000    -45.000    60.000
28.000    -45.000    75.000
28.000    -45.000    90.000
28.000    -45.000    105.000
28.000    -45.000    120.000
28.000    -45.000    135.000
28.000    -45.000    150.000
28.000    -45.000    165.000
28.000    -30.000    -180.000
28.000    -30.000    -165.000
28.000    -30.000    -150.000
28.000    -30.000    -135.000
28.000    -30.000    -120.000
28.000    -30.000    -105.000
28.000    -30.000    -90.000
28.000    -30.000    -75.000
28.000    -30.000    -60.000
28.000    -30.000    -45.000
28.000    -30.000    -30.000
28.000    -30.000    -15.000
28.000    -30.000     0.000
28.000    -30.000    15.000
28.000    -30.000    30.000
28.000    -30.000    45.000
28.000    -30.000    60.000
28.000    -30.000    75.000
28.000    -30.000    90.000
28.000    -30.000    105.000
28.000    -30.000    120.000
28.000    -30.000    135.000
28.000    -30.000    150.000
28.000    -30.000    165.000
28.000    -15.000    -180.000
28.000    -15.000    -165.000
28.000    -15.000    -150.000
28.000    -15.000    -135.000
28.000    -15.000    -120.000
28.000    -15.000    -105.000
28.000    -15.000    -90.000
28.000    -15.000    -75.000
28.000    -15.000    -60.000
28.000    -15.000    -45.000
28.000    -15.000    -30.000
28.000    -15.000    -15.000
28.000    -15.000     0.000
28.000    -15.000    15.000
28.000    -15.000    30.000
28.000    -15.000    45.000
28.000    -15.000    60.000
28.000    -15.000    75.000
28.000    -15.000    90.000
28.000    -15.000    105.000
28.000    -15.000    120.000
28.000    -15.000    135.000
28.000    -15.000    150.000
28.000    -15.000    165.000
28.000     0.000    -180.000
28.000     0.000    -165.000
28.000     0.000    -150.000
28.000     0.000    -135.000
28.000     0.000    -120.000
28.000     0.000    -105.000
28.000     0.000    -90.000
28.000     0.000    -75.000
28.000     0.000    -60.000
28.000     0.000    -45.000
28.000     0.000    -30.000
28.000     0.000    -15.000
28.000     0.000     0.000
28.000     0.000    15.000
28.000     0.000    30.000
28.000     0.000    45.000
28.000     0.000    60.000
28.000     0.000    75.000
28.000     0.000    90.000
28.000     0.000    105.000
28.000     0.000    120.000
28.000     0.000    135.000
28.000     0.000    150.000
28.000     0.000    165.000
28.000    15.000    -180.000
28.000    15.000    -165.000
28.000    15.000    -150.000
28.000    15.000    -135.000
28.000    15.000    -120.000
28.000    15.000    -105.000
28.000    15.000    -90.000
28.000    15.000    -75.000
28.000    15.000    -60.000
28.000    15.000    -45.000
28.000    15.000    -30.000
28.000    15.000    -15.000
28.000    15.000     0.000
28.000    15.000    15.000
28.000    15.000    30.000
28.000    15.000    45.000
28.000    15.000    60.000
28.000    15.000    75.000
28.000    15.000    90.000
28.000    15.000    105.000
28.000    15.000    120.000
28.000    15.000    135.000
28.000    15.000    150.000
28.000    15.000    165.000
28.000    30.000    -180.000
28.000    30.000    -165.000
28.000    30.000    -150.000
28.000    30.000    -135.000
28.000    30.000    -120.000
28.000    30.000    -105.000
28.000    30.000    -90.000
28.000    30.000    -75.000
28.000    30.000    -60.000
28.000    30.000    -45.000
28.000    30.000    -30.000
28.000    30.000    -15.000
28.000    30.000     0.000
28.000    30.000    15.000
28.000    30.000    30.000
28.000    30.000    45.000
28.000    30.000    60.000
28.000    30.000    75.000
28.000    30.000    90.000
28.000    30.000    105.000
28.000    30.000    120.000
28.000    30.000    135.000
28.000    30.000    150.000
28.000    30.000    165.000
28.000    45.000    -180.000
28.000    45.000    -165.000
28.000    45.000    -150.000
28.000    45.000    -135.000
28.000    45.000    -120.000
28.000    45.000    -105.000
28.000    45.000    -90.000
28.000    45.000    -75.000
28.000    45.000    -60.000
28.000    45.000    -45.000
28.000    45.000    -30.000
28.000    45.000    -15.000
28.000    45.000     0.000
28.000    45.000    15.000
28.000    45.000    30.000
28.000    45.000    45.000
28.000    45.000    60.000
28.000    45.000    75.000
28.000    45.000    90.000
28.000    45.000    105.000
28.000    45.000    120.000
28.000    45.000    135.000
28.000    45.000    150.000
28.000    45.000    165.000
28.000    60.000    -180.000
28.000    60.000    -165.000
28.000    60.000    -150.000
28.000    60.000    -135.000
28.000    60.000    -120.000
28.000    60.000    -105.000
28.000    60.000    -90.000
28.000    60.000    -75.000
28.000    60.000    -60.000
28.000    60.000    -45.000
28.000    60.000    -30.000
28.000    60.000    -15.000
28.000    60.000     0.000
28.000    60.000    15.000
28.000    60.000    30.000
28.000    60.000    45.000
28.000    60.000    60.000
28.000    60.000    75.000
28.000    60.000    90.000
28.000    60.000    105.000
28.000    60.000    120.000
28.000    60.000    135.000
28.000    60.000    150.000
28.000    60.000    165.000
28.000    75.000    -180.000
28.000    75.000    -165.000
28.000    75.000    -150.000
28.000    75.000    -135.000
28.000    75.000    -120.000
28.000    75.000    -105.000
28.000    75.000    -90.000
28.000    75.000    -75.000
28.000    75.000    -60.000
28.000    75.000    -45.000
28.000    75.000    -30.000
28.000    75.000    -15.000
28.000    75.000     0.000
28.000    75.000    15.000
28.000    75.000    30.000
28.000    75.000    45.000
28.000    75.000    60.000
28.000    75.000    75.000
28.000    75.000    90.000
28.000    75.000    105.000
28.000    75.000    120.000
28.000    75.000    135.000
28.000    75.000    150.000
28.000    75.000    165.000
32.000    -75.000    -180.000
32.000    -75.000    -165.000
32.000    -75.000    -150.000
32.000    -75.000    -135.000
32.000    -75.000    -120.000
32.000    -75.000    -105.000
32.000    -75.000    -90.000
32.000    -75.000    -75.000
32.000    -75.000    -60.000
32.000    -75.000    -45.000
32.000    -75.000    -30.000
32.000    -75.000    -15.000
32.000    -75.000     0.000
32.000    -75.000    15.000
32.000    -75.000    30.000
32.000    -75.000    45.000
32.000    -75.000    60.000
32.000    -75.000    75.000
32.000    -75.000    90.000
32.000    -75.000    105.000
32.000    -75.000    120.000
32.000    -75.000    135.000
32.000    -75.000    150.000
32.000    -75.000    165.000
32.000    -60.000    -180.000
32.000    -60.000    -165.000
32.000    -60.000    -150.000
32.000    -60.000    -135.000
32.000    -60.000    -120.000
32.000    -60.000    -105.000
32.000    -60.000    -90.000
32.000    -60.000    -75.000
32.000    -60.000    -60.000
32.000    -60.000    -45.000
32.000    -60.000    -30.000
32.000    -60.000    -15.000
32.000    -60.000     0.000
32.000    -60.000    15.000
32.000    -60.000    30.000
32.000    -60.000    45.000
32.000    -60.000    60.000
32.000    -60.000    75.000
32.000    -60.000    90.000
32.000    -60.000    105.000
32.000    -60.000    120.000
32.000    -60.000    135.000
32.000    -60.000    150.000
32.000    -60.000    165.000
32.000    -45.000    -180.000
32.000    -45.000    -165.000
32.000    -45.000    -150.000
32.000    -45.000    -135.000
32.000    -45.000    -120.000
32.000    -45.000    -105.000
32.000    -45.000    -90.000
32.000    -45.000    -75.000
32.000    -45.000    -60.000
32.000    -45.000    -45.000
32.000    -45.000    -30.000
32.000    -45.000    -15.000
32.000    -45.000     0.000
32.000    -45.000    15.000
32.000    -45.000    30.000
32.000    -45.000    45.000
32.000    -45.000    60.000
32.000    -45.000    75.000
32.000    -45.000    90.000
32.000    -45.000    105.000
32.000    -45.000    120.000
32.000    -45.000    135.000
32.000    -45.000    150.000
32.000    -45.000    165.000
32.000    -30.000    -180.000
32.000    -30.000    -165.000
32.000    -30.000    -150.000
32.000    -30.000    -135.000
32.000    -30.000    -120.000
32.000    -30.000    -105.000
32.000    -30.000    -90.000
32.000    -30.000    -75.000
32.000    -30.000    -60.000
32.000    -30.000    -45.000
32.000    -30.000    -30.000
32.000    -30.000    -15.000
32.000    -30.000     0.000
32.000    -30.000    15.000
32.000    -30.000    30.000
32.000    -30.000    45.000
32.000    -30.000    60.000
32.000    -30.000    75.000
32.000    -30.000    90.000
32.000    -30.000    105.000
32.000    -30.000    120.000
32.000    -30.000    135.000
32.000    -30.000    150.000
32.000    -30.000    165.000
32.000    -15.000    -180.000
32.000    -15.000    -165.000
32.000    -15.000    -150.000
32.000    -15.000    -135.000
32.000    -15.000    -120.000
32.000    -15.000    -105.000
32.000    -15.000    -90.000
32.000    -15.000    -75.000
32.000    -15.000    -60.000
32.000    -15.000    -45.000
32.000    -15.000    -30.000
32.000    -15.000    -15.000
32.000    -15.000     0.000
32.000    -15.000    15.000
32.000    -15.000    30.000
32.000    -15.000    45.000
32.000    -15.000    60.000
32.000    -15.000    75.000
32.000    -15.000    90.000
32.000    -15.000    105.000
32.000    -15.000    120.000
32.000    -15.000    135.000
32.000    -15.000    150.000
32.000    -15.000    165.000
32.000     0.000    -180.000
32.000     0.000    -165.000
32.000     0.000    -150.000
32.000     0.000    -135.000
32.000     0.000    -120.000
32.000     0.000    -105.000
32.000     0.000    -90.000
32.000     0.000    -75.000
32.000     0.000    -60.000
32.000     0.000    -45.000
32.000     0.000    -30.000
32.000     0.000    -15.000
32.000     0.000     0.000
32.000     0.000    15.000
32.000     0.000    30.000
32.000     0.000    45.000
32.000     0.000    60.000
32.000     0.000    75.000
32.000     0.000    90.000
32.000     0.000    105.000
32.000     0.000    120.000
32.000     0.000    135.000
32.000     0.000    150.000
32.000     0.000    165.000
32.000    15.000    -180.000
32.000    15.000    -165.000
32.000    15.000    -150.000
32.000    15.000    -135.000
32.000    15.000    -120.000
32.000    15.000    -105.000
32.000    15.000    -90.000
32.000    15.000    -75.000
32.000    15.000    -60.000
32.000    15.000    -45.000
32.000    15.000    -30.000
32.000    15.000    -15.000
32.000    15.000     0.000
32.000    15.000    15.000
32.000    15.000    30.000
32.000    15.000    45.000
32.000    15.000    60.000
32.000    15.000    75.000
32.000    15.000    90.000
32.000    15.000    105.000
32.000    15.000    120.000
32.000    15.000    135.000
32.000    15.000    150.000
32.000    15.000    165.000
32.000    30.000    -180.000
32.000    30.000    -165.000
32.000    30.000    -150.000
32.000    30.000    -135.000
32.000    30.000    -120.000
32.000    30.000    -105.000
32.000    30.000    -90.000
32.000    30.000    -75.000
32.000    30.000    -60.000
32.000    30.000    -45.000
32.000    30.000    -30.000
32.000    30.000    -15.000
32.000    30.000     0.000
32.000    30.000    15.000
32.000    30.000    30.000
32.000    30.000    45.000
32.000    30.000    60.000
32.000    30.000    75.000
32.000    30.000    90.000
32.000    30.000    105.000
32.000    30.000    120.000
32.000    30.000    135.000
32.000    30.000    150.000
32.000    30.000    165.000
32.000    45.000    -180.000
32.000    45.000    -165.000
32.000    45.000    -150.000
32.000    45.000    -135.000
32.000    45.000    -120.000
32.000    45.000    -105.000
32.000    45.000    -90.000
32.000    45.000    -75.000
32.000    45.000    -60.000
32.000    45.000    -45.000
32.000    45.000    -30.000
32.000    45.000    -15.000
32.000    45.000     0.000
32.000    45.000    15.000
32.000    45.000    30.000
32.000    45.000    45.000
32.000    45.000    60.000
32.000    45.000    75.000
32.000    45.000    90.000
32.000    45.000    105.000
32.000    45.000    120.000
32.000    45.000    135.000
32.000    45.000    150.000
32.000    45.000    165.000
32.000    60.000    -180.000
32.000    60.000    -165.000
32.000    60.000    -150.000
32.000    60.000    -135.000
32.000    60.000    -120.000
32.000    60.000    -105.000
32.000    60.000    -90.000
32.000    60.000    -75.000
32.000    60.000    -60.000
32.000    60.000    -45.000
32.000    60.000    -30.000
32.000    60.000    -15.000
32.000    60.000     0.000
32.000    60.000    15.000
32.000    60.000    30.000
32.000    60.000    45.000
32.000    60.000    60.000
32.000    60.000    75.000
32.000    60.000    90.000
32.000    60.000    105.000
32.000    60.000    120.000
32.000    60.000    135.000
32.000    60.000    150.000
32.000    60.000    165.000
32.000    75.000    -180.000
32.000    75.000    -165.000
32.000    75.000    -150.000
32.000    75.000    -135.000
32.000    75.000    -120.000
32.000    75.000    -105.000
32.000    75.000    -90.000
32.000    75.000    -75.000
32.000    75.000    -60.000
32.000    75.000    -45.000
32.000    75.000    -30.000
32.000    75.000    -15.000
32.000    75.000     0.000
32.000    75.000    15.000
32.000    75.000    30.000
32.000    75.000    45.000
32.000    75.000    60.000
32.000    75.000    75.000
32.000    75.000    90.000
32.000    75.000    105.000
32.000    75.000    120.000
32.000    75.000    135.000
32.000    75.000    150.000
32.000    75.000    165.000
36.000    -75.000    -180.000
36.000    -75.000    -165.000
36.000    -75.000    -150.000
36.000    -75.000    -135.000
36.000    -75.000    -120.000
36.000    -75.000    -105.000
36.000    -75.000    -90.000
36.000    -75.000    -75.000
36.000    -75.000    -60.000
36.000    -75.000    -45.000
36.000    -75.000    -30.000
36.000    -75.000    -15.000
36.000    -75.000     0.000
36.000    -75.000    15.000
36.000    -75.000    30.000
36.000    -75.000    45.000
36.000    -75.000    60.000
36.000    -75.000    75.000
36.000    -75.000    90.000
36.000    -75.000    105.000
36.000    -75.000    120.000
36.000    -75.000    135.000
36.000    -75.000    150.000
36.000    -75.000    165.000
36.000    -60.000    -180.000
36.000    -60.000    -165.000
36.000    -60.000    -150.000
36.000    -60.000    -135.000
36.000    -60.000    -120.000
36.000    -60.000    -105.000
36.000    -60.000    -90.000
36.000    -60.000    -75.000
36.000    -60.000    -60.000
36.000    -60.000    -45.000
36.000    -60.000    -30.000
36.000    -60.000    -15.000
36.000    -60.000     0.000
36.000    -60.000    15.000
36.000    -60.000    30.000
36.000    -60.000    45.000
36.000    -60.000    60.000
36.000    -60.000    75.000
36.000    -60.000    90.000
36.000    -60.000    105.000
36.000    -60.000    120.000
36.000    -60.000    135.000
36.000    -60.000    150.000
36.000    -60.000    165.000
36.000    -45.000    -180.000
36.000    -45.000    -165.000
36.000    -45.000    -150.000
36.000    -45.000    -135.000
36.000    -45.000    -120.000
36.000    -45.000    -105.000
36.000    -45.000    -90.000
36.000    -45.000    -75.000
36.000    -45.000    -60.000
36.000    -45.000    -45.000
36.000    -45.000    -30.000
36.000    -45.000    -15.000
36.000    -45.000     0.000
36.000    -45.000    15.000
36.000    -45.000    30.000
36.000    -45.000    45.000
36.000    -45.000    60.000
36.000    -45.000    75.000
36.000    -45.000    90.000
36.000    -45.000    105.000
36.000    -45.000    120.000
36.000    -45.000    135.000
36.000    -45.000    150.000
36.000    -45.000    165.000
36.000    -30.000    -180.000
36.000    -30.000    -165.000
36.000    -30.000    -150.000
36.000    -30.000    -135.000
36.000    -30.000    -120.000
36.000    -30.000    -105.000
36.000    -30.000    -90.000
36.000    -30.000    -75.000
36.000    -30.000    -60.000
36.000    -30.000    -45.000
36.000    -30.000    -30.000
36.000    -30.000    -15.000
36.000    -30.000     0.000
36.000    -30.000    15.000
36.000    -30.000    30.000
36.000    -30.000    45.000
36.000    -30.000    60.000
36.000    -30.000    75.000
36.000    -30.000    90.000
36.000    -30.000    105.000
36.000    -30.000    120.000
36.000    -30.000    135.000
36.000    -30.000    150.000
36.000    -30.000    165.000
36.000    -15.000    -180.000
36.000    -15.000    -165.000
36.000    -15.000    -150.000
36.000    -15.000    -135.000
36.000    -15.000    -120.000
36.000    -15.000    -105.000
36.000    -15.000    -90.000
36.000    -15.000    -75.000
36.000    -15.000    -60.000
36.000    -15.000    -45.000
36.000    -15.000    -30.000
36.000    -15.000    -15.000
36.000    -15.000     0.000
36.000    -15.000    15.000
36.000    -15.000    30.000
36.000    -15.000    45.000
36.000    -15.000    60.000
36.000    -15.000    75.000
36.000    -15.000    90.000
36.000    -15.000    105.000
36.000    -15.000    120.000
36.000    -15.000    135.000
36.000    -15.000    150.000
36.000    -15.000    165.000
36.000     0.000    -180.000
36.000     0.000    -165.000
36.000     0.000    -150.000
36.000     0.000    -135.000
36.000     0.000    -120.000
36.000     0.000    -105.000
36.000     0.000    -90.000
36.000     0.000    -75.000
36.000     0.000    -60.000
36.000     0.000    -45.000
36.000     0.000    -30.000
36.000     0.000    -15.000
36.000     0.000     0.000
36.000     0.000    15.000
36.000     0.000    30.000
36.000     0.000    45.000
36.000     0.000    60.000
36.000     0.000    75.000
36.000     0.000    90.000
36.000     0.000    105.000
36.000     0.000    120.000
36.000     0.000    135.000
36.000     0.000    150.000
36.000     0.000    165.000
36.000    15.000    -180.000
36.000    15.000    -165.000
36.000    15.000    -150.000
36.000    15.000    -135.000
36.000    15.000    -120.000
36.000    15.000    -105.000
36.000    15.000    -90.000
36.000    15.000    -75.000
36.000    15.000    -60.000
36.000    15.000    -45.000
36.000    15.000    -30.000
36.000    15.000    -15.000
36.000    15.000     0.000
36.000    15.000    15.000
36.000    15.000    30.000
36.000    15.000    45.000
36.000    15.000    60.000
36.000    15.000    75.000
36.000    15.000    90.000
36.000    15.000    105.000
36.000    15.000    120.000
36.000    15.000    135.000
36.000    15.000    150.000
36.000    15.000    165.000
36.000    30.000    -180.000
36.000    30.000    -165.000
36.000    30.000    -150.000
36.000    30.000    -135.000
36.000    30.000    -120.000
36.000    30.000    -105.000
36.000    30.000    -90.000
36.000    30.000    -75.000
36.000    30.000    -60.000
36.000    30.000    -45.000
36.000    30.000    -30.000
36.000    30.000    -15.000
36.000    30.000     0.000
36.000    30.000    15.000
36.000    30.000    30.000
36.000    30.000    45.000
36.000    30.000    60.000
36.000    30.000    75.000
36.000    30.000    90.000
36.000    30.000    105.000
36.000    30.000    120.000
36.000    30.000    135.000
36.000    30.000    150.000
36.000    30.000    165.000
36.000    45.000    -180.000
36.000    45.000    -165.000
36.000    45.000    -150.000
36.000    45.000    -135.000
36.000    45.000    -120.000
36.000    45.000    -105.000
36.000    45.000    -90.000
36.000    45.000    -75.000
36.000    45.000    -60.000
36.000    45.000    -45.000
36.000    45.000    -30.000
36.000    45.000    -15.000
36.000    45.000     0.000
36.000    45.000    15.000
36.000    45.000    30.000
36.000    45.000    45.000
36.000    45.000    60.000
36.000    45.000    75.000
36.000    45.000    90.000
36.000    45.000    105.000
36.000    45.000    120.000
36.000    45.000    135.000
36.000    45.000    150.000
36.000    45.000    165.000
36.000    60.000    -180.000
36.000    60.000    -165.000
36.000    60.000    -150.000
36.000    60.000    -135.000
36.000    60.000    -120.000
36.000    60.000    -105.000
36.000    60.000    -90.000
36.000    60.000    -75.000
36.000    60.000    -60.000
36.000    60.000    -45.000
36.000    60.000    -30.000
36.000    60.000    -15.000
36.000    60.000     0.000
36.000    60.000    15.000
36.000    60.000    30.000
36.000    60.000    45.000
36.000    60.000    60.000
36.000    60.000    75.000
36.000    60.000    90.000
36.000    60.000    105.000
36.000    60.000    120.000
36.000    60.000    135.000
36.000    60.000    150.000
36.000    60.000    165.000
36.000    75.000    -180.000
36.000    75.000    -165.000
36.000    75.000    -150.000
36.000    75.000    -135.000
36.000    75.000    -120.000
36.000    75.000    -105.000
36.000    75.000    -90.000
36.000    75.000    -75.000
36.000    75.000    -60.000
36.000    75.000    -45.000
36.000    75.000    -30.000
36.000    75.000    -15.000
36.000    75.000     0.000
36.000    75.000    15.000
36.000    75.000    30.000
36.000    75.000    45.000
36.000    75.000    60.000
36.000    75.000    75.000
36.000    75.000    90.000
36.000    75.000    105.000
36.000    75.000    120.000
36.000    75.000    135.000
36.000    75.000    150.000
36.000    75.000    165.000
 0.000     0.000     0.000
 0.000     0.000     0.000
 0.000     0.000     0.000
 0.000     0.000     0.000
 0.000     0.000     0.000
 0.000     0.000     0.000
 0.000     0.000     0.000
 0.000     0.000     0.000
 0.000     0.000     0.000
 0.000     0.000     0.000
 0.000     0.000     0.000
 0.000     0.000     0.000
 0.000     0.000     0.000
 0.000     0.000     0.000
 0.000     0.000     0.000
 0.000     0.000     0.000
 0.000     0.000     0.000
 0.000     0.000     0.000
 0.000     0.000     0.000
 0.000     0.000     0.000
 0.000     0.000     0.000
 0.000     0.000     0.000
 0.000     0.000     0.000
 0.000     0.000     0.000
 0.000     0.000     0.000
 0.000     0.000     0.000
 0.000     0.000     0.000
 0.000     0.000     0.000
 0.000     0.000     0.000
 0.000     0.000     0.000
 0.000     0.000     0.000
 0.000     0.000     0.000
 0.000     0.000     0.000
 0.000     0.000     0.000
 0.000     0.000     0.000
 0.000     0.000     0.000
 0.000     0.000     0.000
 0.000     0.000     0.000
 0.000     0.000     0.000
 0.000     0.000     0.000
 0.000     0.000     0.000
 0.000     0.000     0.000
 0.000     0.000     0.000
 0.000     0.000     0.000
 0.000     0.000     0.000
 0.000     0.000     0.000
 0.000     0.000     0.000
 0.000     0.000     0.000
 0.000     0.000     0.000
 0.000     0.000     0.000
 0.000     0.000     0.000
 0.000     0.000     0.000
 0.000     0.000     0.000
 0.000     0.000     0.000
 0.000     0.000     0.000
 0.000     0.000     0.000
 0.000     0.000     0.000
 0.000     0.000     0.000
 0.000     0.000     0.000
 0.000     0.000     0.000
 0.000     0.000     0.000
 0.000     0.000     0.000
 0.000     0.000     0.000
 0.000     0.000     0.000
 0.000     0.000     0.000
 0.000     0.000     0.000
 0.000     0.000     0.000
 0.000     0.000     0.000
 0.000     0.000     0.000
 0.000     0.000     0.000
 0.000     0.000     0.000
 0.000     0.000     0.000
 0.000     0.000     0.000
 0.000     0.000     0.000
 0.000     0.000     0.000
 0.000     0.000     0.000
 0.000     0.000     0.000
 0.000     0.000     0.000
 0.000     0.000     0.000
 0.000     0.000     0.000
 0.000     0.000     0.000
 0.000     0.000     0.000
 0.000     0.000     0.000
 0.000     0.000     0.000
 0.000     0.000     0.000
 0.000     0.000     0.000
 0.000     0.000     0.000
 0.000     0.000     0.000
 0.000     0.000     0.000
 0.000     0.000     0.000
 0.000     0.000     0.000
 0.000     0.000     0.000
 0.000     0.000     0.000
 0.000     0.000     0.000
 0.000     0.000     0.000
 0.000     0.000     0.000
 0.000     0.000     0.000
 0.000     0.000     0.000
 0.000     0.000     0.000
 0.000     0.000     0.000
 0.000     0.000     0.000
 0.000     0.000     0.000
 0.000     0.000     0.000
 0.000     0.000     0.000
 0.000     0.000     0.000
 0.000     0.000     0.000
 0.000     0.000     0.000
 0.000     0.000     0.000
 0.000     0.000     0.000
 0.000     0.000     0.000
 0.000     0.000     0.000
 0.000     0.000     0.000
 0.000     0.000     0.000
 0.000     0.000     0.000
 0.000     0.000     0.000
 0.000     0.000     0.000
 0.000     0.000     0.000
 0.000     0.000     0.000
 0.000     0.000     0.000
 0.000     0.000     0.000
 0.000     0.000     0.000
 0.000     0.000     0.000
 0.000     0.000     0.000
 0.000     0.000     0.000
 0.000     0.000     0.000
 0.000     0.000     0.000
 0.000     0.000     0.000
 0.000     0.000     0.000
 0.000     0.000     0.000
 0.000     0.000     0.000
 0.000     0.000     0.000
 0.000     0.000     0.000
 0.000     0.000     0.000
 0.000     0.000     0.000
 0.000     0.000     0.000
 0.000     0.000     0.000
 0.000     0.000     0.000
 0.000     0.000     0.000
 0.000     0.000     0.000
 0.000     0.000     0.000
 0.000     0.000     0.000
 0.000     0.000     0.000
 0.000     0.000     0.000
 0.000     0.000     0.000
 0.000     0.000     0.000
 0.000     0.000     0.000
 0.000     0.000     0.000
 0.000     0.000     0.000
 0.000     0.000     0.000
 0.000     0.000     0.000
 0.000     0.000     0.000
 0.000     0.000     0.000
 0.000     0.000     0.000
 0.000     0.000     0.000
 0.000     0.000     0.000
 0.000     0.000     0.000
 0.000     0.000     0.000
 0.000     0.000     0.000
 0.000     0.000     0.000
 0.000     0.000     0.000
 0.000     0.000     0.000
 0.000     0.000     0.000
 0.000     0.000     0.000
 0.000     0.000     0.000
 0.000     0.000     0.000
 0.000     0.000     0.000
 0.000     0.000     0.000
 0.000     0.000     0.000
 0.000     0.000     0.000
 0.000     0.000     0.000
 0.000     0.000     0.000
 0.000     0.000     0.000
 0.000     0.000     0.000
 0.000     0.000     0.000
 0.000     0.000     0.000
 0.000     0.000     0.000
 0.000     0.000     0.000
 0.000     0.000     0.000
 0.000     0.000     0.000
 0.000     0.000     0.000
 0.000     0.000     0.000
 0.000     0.000     0.000
 0.000     0.000     0.000
 0.000     0.000     0.000
 0.000     0.000     0.000
 0.000     0.000     0.000
 0.000     0.000     0.000
 0.000     0.000     0.000
 0.000     0.000     0.000
 0.000     0.000     0.000
 0.000     0.000     0.000
 0.000     0.000     0.000
 0.000     0.000     0.000
 0.000     0.000     0.000
 0.000     0.000     0.000
 0.000     0.000     0.000
 0.000     0.000     0.000
 0.000     0.000     0.000
 0.000     0.000     0.000
 0.000     0.000     0.000
 0.000     0.000     0.000
 0.000     0.000     0.000
 0.000     0.000     0.000
 0.000     0.000     0.000
 0.000     0.000     0.000
 0.000     0.000     0.000
 0.000     0.000     0.000
 0.000     0.000     0.000
 0.000     0.000     0.000
 0.000     0.000     0.000
 0.000     0.000     0.000
 0.000     0.000     0.000
 0.000     0.000     0.000
 0.000     0.000     0.000
 0.000     0.000     0.000
 0.000     0.000     0.000
 0.000     0.000     0.000
 0.000     0.000     0.000
 0.000     0.000     0.000
 0.000     0.000     0.000
 0.000     0.000     0.000
 0.000     0.000     0.000
 0.000     0.000     0.000
 0.000     0.000     0.000
 0.000     0.000     0.000
 0.000     0.000     0.000
 0.000     0.000     0.000
 0.000     0.000     0.000
 0.000     0.000     0.000
 0.000     0.000     0.000
 0.000     0.000     0.000
 0.000     0.000     0.000
 0.000     0.000     0.000
 0.000     0.000     0.000
 0.000     0.000     0.000
 0.000     0.000     0.000
 0.000     0.000     0.000
 0.000     0.000     0.000
 0.000     0.000     0.000
 0.000     0.000     0.000
 0.000     0.000     0.000
 0.000     0.000     0.000
 0.000     0.000     0.000
 0.000     0.000     0.000
 0.000     0.000     0.000
 0.000     0.000     0.000
 0.000     0.000     0.000
 0.000     0.000     0.000
 0.000     0.000     0.000
 0.000     0.000     0.000
 0.000     0.000     0.000
 0.000     0.000     0.000
 0.000     0.000     0.000
 0.000     0.000     0.000
 0.000     0.000     0.000
 0.000     0.000     0.000
 0.000     0.000     0.000
 0.000     0.000     0.000
 0.000     0.000     0.000
 0.000     0.000     0.000
 0.000     0.000     0.000
 0.000     0.000     0.000
 0.000     0.000     0.000
 0.000     0.000     0.000
 0.000     0.000     0.000
 0.000     0.000     0.000
 0.000     0.000     0.000
 0.000     0.000     0.000
 0.000     0.000     0.000
 0.000     0.000     0.000
 0.000     0.000     0.000
 0.000     0.000     0.000
 0.000     0.000     0.000
 0.000     0.000     0.000
 0.000     0.000     0.000
 0.000     0.000     0.000
 0.000     0.000     0.000
 0.000     0.000     0.000
 0.000     0.000     0.000
 0.000     0.000     0.000
 0.000     0.000     0.000
 0.000     0.000     0.000
 0.000     0.000     0.000
 0.000     0.000     0.000
 0.000     0.000     0.000
 0.000     0.000     0.000
 0.000     0.000     0.000
 0.000     0.000     0.000
 0.000     0.000     0.000
 0.000     0.000     0.000
 0.000     0.000     0.000
 0.000     0.000     0.000
 0.000     0.000     0.000
 0.000     0.000     0.000
 0.000     0.000     0.000
 0.000     0.000     0.000
 0.000     0.000     0.000
 0.000     0.000     0.000
 0.000     0.000     0.000
 0.000     0.000     0.000
 0.000     0.000     0.000
 0.000     0.000     0.000
 0.000     0.000     0.000
 0.000     0.000     0.000
 0.000     0.000     0.000
 0.000     0.000     0.000
 0.000     0.000     0.000
 0.000     0.000     0.000
 0.000     0.000     0.000
 0.000     0.000     0.000
 0.000     0.000     0.000
 0.000     0.000     0.000
 0.000     0.000     0.000
 0.000     0.000     0.000
 0.000     0.000     0.000
 0.000     0.000     0.000
 0.000     0.000     0.000
 0.000     0.000     0.000
 0.000     0.000     0.000
 0.000     0.000     0.000
 0.000     0.000     0.000
 0.000     0.000     0.000
 0.000     0.000     0.000
 0.000     0.000     0.000
 0.000     0.000     0.000
 0.000     0.000     0.000
 0.000     0.000     0.000
 0.000     0.000     0.000
 0.000     0.000     0.000
 0.000     0.000     0.000
 0.000     0.000     0.000
 0.000     0.000     0.000
 0.000     0.000     0.000
 0.000     0.000     0.000
 0.000     0.000     0.000
 0.000     0.000     0.000
 0.000     0.000     0.000
 0.000     0.000     0.000
 0.000     0.000     0.000
 0.000     0.000     0.000
 0.000     0.000     0.000
 0.000     0.000     0.000
 0.000     0.000     0.000
 0.000     0.000     0.000
 0.000     0.000     0.000
 0.000     0.000     0.000
 0.000     0.000     0.000
 0.000     0.000     0.000
 0.000     0.000     0.000
 0.000     0.000     0.000
 0.000     0.000     0.000
 0.000     0.000     0.000
 0.000     0.000     0.000
 0.000     0.000     0.000
 0.000     0.000     0.000
 0.000     0.000     0.000
 0.000     0.000     0.000
 0.000     0.000     0.000
 0.000     0.000     0.000
 0.000     0.000     0.000
 0.000     0.000     0.000
 0.000     0.000     0.000
 0.000     0.000     0.000
 0.000     0.000     0.000
 0.000     0.000     0.000
 0.000     0.000     0.000
 0.000     0.000     0.000
 0.000     0.000     0.000
 0.000     0.000     0.000
 0.000     0.000     0.000
 0.000     0.000     0.000
 0.000     0.000     0.000
 0.000     0.000     0.000
 0.000     0.000     0.000
 0.000     0.000     0.000
 0.000     0.000     0.000
 0.000     0.000     0.000
 0.000     0.000     0.000
 0.000     0.000     0.000
 0.000     0.000     0.000
 0.000     0.000     0.000
 0.000     0.000     0.000
 0.000     0.000     0.000
 0.000     0.000     0.000
 0.000     0.000     0.000
