256.310    -0.003     0.001
256.310     0.003     0.002
256.310    -0.001    -0.003
256.310    -0.001     0.003
256.310     0.003    -0.001
256.310    -0.003    -0.001
256.310     0.002     0.003
256.310     0.000    -0.003
256.310    -0.002     0.002
256.310     0.003    -0.000
227.064    -0.004     0.003
227.064     0.005     0.000
227.064    -0.004    -0.003
227.064     0.000     0.005
227.064     0.003    -0.004
227.064    -0.005     0.001
227.064     0.004     0.002
227.064    -0.002    -0.005
227.064    -0.002     0.005
227.064     0.004    -0.003
227.064    -0.005    -0.001
227.064     0.003     0.004
227.064     0.000    -0.005
227.064    -0.003     0.004
227.064     0.005    -0.001
227.064    -0.004    -0.003
227.064     0.002     0.005
227.064     0.002    -0.005
227.064    -0.004     0.002
227.064     0.005     0.001
227.064    -0.003    -0.004
227.064    -0.000     0.005
227.064     0.004    -0.003
227.064    -0.005     0.000
215.190     0.003    -0.003
215.190    -0.004    -0.000
215.190     0.003     0.003
215.190    -0.000    -0.004
215.190    -0.002     0.003
215.190     0.004    -0.001
215.190    -0.004    -0.002
215.190     0.002     0.004
215.190     0.001    -0.004
215.190    -0.004     0.002
215.190     0.004     0.001
215.190    -0.003    -0.003
215.190     0.000     0.004
215.190     0.003    -0.003
215.190    -0.004     0.001
215.190     0.004     0.002
215.190    -0.001    -0.004
215.190    -0.002     0.004
215.190     0.004    -0.002
215.190    -0.004    -0.001
215.190     0.002     0.003
215.190     0.000    -0.004
215.190    -0.003     0.003
215.190     0.004    -0.000
262.477    -0.001     0.001
262.477     0.002     0.000
262.477    -0.001    -0.001
262.477     0.000     0.002
262.477     0.001    -0.001
262.477    -0.001     0.000
262.477     0.001     0.001
262.477    -0.001    -0.001
262.477    -0.000     0.001
262.477     0.001    -0.001
262.477    -0.002    -0.000
262.477     0.001     0.001
262.477     0.000    -0.002
262.477    -0.001     0.001
262.477     0.002    -0.000
262.477    -0.001    -0.001
262.477     0.000     0.001
262.477     0.001    -0.001
262.477    -0.001     0.001
262.477     0.001     0.000
262.477    -0.001    -0.001
262.477    -0.000     0.002
262.477     0.001    -0.001
262.477    -0.002     0.000
202.504    -0.002     0.001
202.504     0.002     0.000
202.504    -0.001    -0.001
202.504     0.000     0.002
202.504     0.001    -0.002
202.504    -0.002     0.000
202.504     0.002     0.001
202.504    -0.001    -0.002
202.504    -0.001     0.002
202.504     0.002    -0.001
202.504    -0.002    -0.000
202.504     0.001     0.001
202.504     0.000    -0.002
202.504    -0.001     0.001
202.504     0.002    -0.000
202.504    -0.002    -0.001
202.504     0.001     0.002
202.504     0.001    -0.002
202.504    -0.002     0.001
202.504     0.002     0.000
202.504    -0.001    -0.002
202.504    -0.000     0.002
202.504     0.001    -0.001
202.504    -0.002     0.000
202.817     0.002    -0.001
202.817    -0.002    -0.000
202.817     0.002     0.002
202.817    -0.000    -0.002
202.817    -0.001     0.002
202.817     0.002    -0.001
202.817    -0.002    -0.001
202.817     0.001     0.002
202.817     0.001    -0.002
202.817    -0.002     0.001
202.817     0.002     0.000
202.817    -0.001    -0.002
202.817     0.000     0.002
202.817     0.001    -0.002
202.817    -0.002     0.000
202.817     0.002     0.001
202.817    -0.001    -0.002
202.817    -0.001     0.002
202.817     0.002    -0.001
202.817    -0.002    -0.001
202.817     0.001     0.002
202.817     0.000    -0.002
202.817    -0.002     0.002
202.817     0.002    -0.000
270.287     0.001    -0.001
270.287    -0.002    -0.000
270.287     0.001     0.001
270.287    -0.000    -0.002
270.287    -0.001     0.001
270.287     0.002    -0.000
270.287    -0.002    -0.001
270.287     0.001     0.002
270.287     0.001    -0.002
270.287    -0.001     0.001
270.287     0.002     0.000
270.287    -0.001    -0.001
270.287     0.000     0.002
270.287     0.001    -0.001
270.287    -0.002     0.000
270.287     0.001     0.001
270.287    -0.001    -0.002
270.287    -0.001     0.002
270.287     0.002    -0.001
270.287    -0.002    -0.000
270.287     0.001     0.001
270.287     0.000    -0.002
270.287    -0.001     0.001
270.287     0.002    -0.000
217.088    -0.004     0.003
217.088     0.005     0.000
217.088    -0.003    -0.003
217.088     0.000     0.005
217.088     0.003    -0.004
217.088    -0.005     0.001
217.088     0.004     0.002
217.088    -0.002    -0.004
217.088    -0.001     0.005
217.088     0.004    -0.003
217.088    -0.005    -0.001
217.088     0.003     0.004
217.088     0.000    -0.005
217.088    -0.003     0.004
217.088     0.005    -0.001
217.088    -0.004    -0.003
217.088     0.001     0.005
217.088     0.002    -0.004
217.088    -0.004     0.002
217.088     0.005     0.001
217.088    -0.003    -0.004
217.088    -0.000     0.005
217.088     0.003    -0.003
217.088    -0.005     0.000
230.447     0.004    -0.003
230.447    -0.006    -0.000
230.447     0.004     0.004
230.447    -0.000    -0.006
230.447    -0.003     0.005
230.447     0.005    -0.001
230.447    -0.005    -0.003
230.447     0.002     0.005
230.447     0.002    -0.005
230.447    -0.005     0.003
230.447     0.006     0.001
230.447    -0.004    -0.004
230.447     0.000     0.006
230.447     0.004    -0.004
230.447    -0.006     0.001
230.447     0.005     0.003
230.447    -0.002    -0.005
230.447    -0.002     0.005
230.447     0.005    -0.003
230.447    -0.005    -0.001
230.447     0.003     0.005
230.447     0.000    -0.006
230.447    -0.004     0.004
230.447     0.006    -0.000
263.349    -0.003     0.002
263.349     0.004     0.000
263.349    -0.003    -0.003
263.349     0.000     0.004
263.349     0.002    -0.003
263.349    -0.004     0.001
263.349     0.003     0.002
263.349    -0.001    -0.003
263.349    -0.001     0.003
263.349     0.003    -0.002
263.349    -0.004    -0.001
263.349     0.002     0.003
263.349     0.000    -0.004
263.349    -0.002     0.003
263.349     0.004    -0.001
263.349    -0.003    -0.002
263.349     0.001     0.003
263.349     0.001    -0.003
263.349    -0.003     0.002
263.349     0.004     0.001
263.349    -0.002    -0.003
263.349    -0.000     0.004
263.349     0.003    -0.003
263.349    -0.004     0.000
200.000     0.000     0.000
200.000     0.000     0.000
200.000     0.000     0.000
200.000     0.000     0.000
200.000     0.000     0.000
200.000     0.000     0.000
200.000     0.000     0.000
200.000     0.000     0.000
200.000     0.000     0.000
200.000     0.000     0.000
200.000     0.000     0.000
200.000     0.000     0.000
200.000     0.000     0.000
200.000     0.000     0.000
200.000     0.000     0.000
200.000     0.000     0.000
200.000     0.000     0.000
200.000     0.000     0.000
200.000     0.000     0.000
200.000     0.000     0.000
200.000     0.000     0.000
200.000     0.000     0.000
200.000     0.000     0.000
200.000     0.000     0.000
263.349     0.003    -0.002
263.349    -0.004    -0.000
263.349     0.003     0.003
263.349    -0.000    -0.004
263.349    -0.002     0.003
263.349     0.004    -0.001
263.349    -0.003    -0.002
263.349     0.001     0.003
263.349     0.001    -0.003
263.349    -0.003     0.002
263.349     0.004     0.001
263.349    -0.002    -0.003
263.349     0.000     0.004
263.349     0.002    -0.003
263.349    -0.004     0.001
263.349     0.003     0.002
263.349    -0.001    -0.003
263.349    -0.001     0.003
263.349     0.003    -0.002
263.349    -0.004    -0.001
263.349     0.002     0.003
263.349     0.000    -0.004
263.349    -0.003     0.003
263.349     0.004    -0.000
230.447    -0.004     0.003
230.447     0.006     0.000
230.447    -0.004    -0.004
230.447     0.000     0.006
230.447     0.003    -0.005
230.447    -0.005     0.001
230.447     0.005     0.003
230.447    -0.002    -0.005
230.447    -0.002     0.005
230.447     0.005    -0.003
230.447    -0.006    -0.001
230.447     0.004     0.004
230.447     0.000    -0.006
230.447    -0.004     0.004
230.447     0.006    -0.001
230.447    -0.005    -0.003
230.447     0.002     0.005
230.447     0.002    -0.005
230.447    -0.005     0.003
230.447     0.005     0.001
230.447    -0.003    -0.005
230.447    -0.000     0.006
230.447     0.004    -0.004
230.447    -0.006     0.000
217.088     0.004    -0.003
217.088    -0.005    -0.000
217.088     0.003     0.003
217.088    -0.000    -0.005
217.088    -0.003     0.004
217.088     0.005    -0.001
217.088    -0.004    -0.002
217.088     0.002     0.004
217.088     0.001    -0.005
217.088    -0.004     0.003
217.088     0.005     0.001
217.088    -0.003    -0.004
217.088     0.000     0.005
217.088     0.003    -0.004
217.088    -0.005     0.001
217.088     0.004     0.003
217.088    -0.001    -0.005
217.088    -0.002     0.004
217.088     0.004    -0.002
217.088    -0.005    -0.001
217.088     0.003     0.004
217.088     0.000    -0.005
217.088    -0.003     0.003
217.088     0.005    -0.000
270.287    -0.001     0.001
270.287     0.002     0.000
270.287    -0.001    -0.001
270.287     0.000     0.002
270.287     0.001    -0.001
270.287    -0.002     0.000
270.287     0.002     0.001
270.287    -0.001    -0.002
270.287    -0.001     0.002
270.287     0.001    -0.001
270.287    -0.002    -0.000
270.287     0.001     0.001
270.287     0.000    -0.002
270.287    -0.001     0.001
270.287     0.002    -0.000
270.287    -0.001    -0.001
270.287     0.001     0.002
270.287     0.001    -0.002
270.287    -0.002     0.001
270.287     0.002     0.000
270.287    -0.001    -0.001
270.287    -0.000     0.002
270.287     0.001    -0.001
270.287    -0.002     0.000
202.817    -0.002     0.001
202.817     0.002     0.000
202.817    -0.002    -0.002
202.817     0.000     0.002
202.817     0.001    -0.002
202.817    -0.002     0.001
202.817     0.002     0.001
202.817    -0.001    -0.002
202.817    -0.001     0.002
202.817     0.002    -0.001
202.817    -0.002    -0.000
202.817     0.001     0.002
202.817     0.000    -0.002
202.817    -0.001     0.002
202.817     0.002    -0.000
202.817    -0.002    -0.001
202.817     0.001     0.002
202.817     0.001    -0.002
202.817    -0.002     0.001
202.817     0.002     0.001
202.817    -0.001    -0.002
202.817    -0.000     0.002
202.817     0.002    -0.002
202.817    -0.002     0.000
 0.000     0.000     0.000
 0.000     0.000     0.000
 0.000     0.000     0.000
 0.000     0.000     0.000
 0.000     0.000     0.000
 0.000     0.000     0.000
 0.000     0.000     0.000
 0.000     0.000     0.000
 0.000     0.000     0.000
 0.000     0.000     0.000
 0.000     0.000     0.000
 0.000     0.000     0.000
 0.000     0.000     0.000
 0.000     0.000     0.000
 0.000     0.000     0.000
 0.000     0.000     0.000
 0.000     0.000     0.000
 0.000     0.000     0.000
 0.000     0.000     0.000
 0.000     0.000     0.000
 0.000     0.000     0.000
 0.000     0.000     0.000
 0.000     0.000     0.000
 0.000     0.000     0.000
 0.000     0.000     0.000
 0.000     0.000     0.000
 0.000     0.000     0.000
 0.000     0.000     0.000
 0.000     0.000     0.000
 0.000     0.000     0.000
 0.000     0.000     0.000
 0.000     0.000     0.000
 0.000     0.000     0.000
 0.000     0.000     0.000
 0.000     0.000     0.000
 0.000     0.000     0.000
 0.000     0.000     0.000
 0.000     0.000     0.000
 0.000     0.000     0.000
 0.000     0.000     0.000
 0.000     0.000     0.000
 0.000     0.000     0.000
 0.000     0.000     0.000
 0.000     0.000     0.000
 0.000     0.000     0.000
 0.000     0.000     0.000
 0.000     0.000     0.000
 0.000     0.000     0.000
 0.000     0.000     0.000
 0.000     0.000     0.000
 0.000     0.000     0.000
 0.000     0.000     0.000
 0.000     0.000     0.000
 0.000     0.000     0.000
 0.000     0.000     0.000
 0.000     0.000     0.000
 0.000     0.000     0.000
 0.000     0.000     0.000
 0.000     0.000     0.000
 0.000     0.000     0.000
 0.000     0.000     0.000
 0.000     0.000     0.000
 0.000     0.000     0.000
 0.000     0.000     0.000
 0.000     0.000     0.000
 0.000     0.000     0.000
 0.000     0.000     0.000
 0.000     0.000     0.000
 0.000     0.000     0.000
 0.000     0.000     0.000
 0.000     0.000     0.000
 0.000     0.000     0.000
 0.000     0.000     0.000
 0.000     0.000     0.000
 0.000     0.000     0.000
 0.000     0.000     0.000
 0.000     0.000     0.000
 0.000     0.000     0.000
 0.000     0.000     0.000
 0.000     0.000     0.000
 0.000     0.000     0.000
 0.000     0.000     0.000
 0.000     0.000     0.000
 0.000     0.000     0.000
 0.000     0.000     0.000
 0.000     0.000     0.000
 0.000     0.000     0.000
 0.000     0.000     0.000
 0.000     0.000     0.000
 0.000     0.000     0.000
 0.000     0.000     0.000
 0.000     0.000     0.000
 0.000     0.000     0.000
 0.000     0.000     0.000
 0.000     0.000     0.000
 0.000     0.000     0.000
 0.000     0.000     0.000
 0.000     0.000     0.000
 0.000     0.000     0.000
 0.000     0.000     0.000
 0.000     0.000     0.000
 0.000     0.000     0.000
 0.000     0.000     0.000
 0.000     0.000     0.000
 0.000     0.000     0.000
 0.000     0.000     0.000
 0.000     0.000     0.000
 0.000     0.000     0.000
 0.000     0.000     0.000
 0.000     0.000     0.000
 0.000     0.000     0.000
 0.000     0.000     0.000
 0.000     0.000     0.000
 0.000     0.000     0.000
 0.000     0.000     0.000
 0.000     0.000     0.000
 0.000     0.000     0.000
 0.000     0.000     0.000
 0.000     0.000     0.000
 0.000     0.000     0.000
 0.000     0.000     0.000
 0.000     0.000     0.000
 0.000     0.000     0.000
 0.000     0.000     0.000
 0.000     0.000     0.000
 0.000     0.000     0.000
 0.000     0.000     0.000
 0.000     0.000     0.000
 0.000     0.000     0.000
 0.000     0.000     0.000
 0.000     0.000     0.000
 0.000     0.000     0.000
 0.000     0.000     0.000
 0.000     0.000     0.000
 0.000     0.000     0.000
 0.000     0.000     0.000
 0.000     0.000     0.000
 0.000     0.000     0.000
 0.000     0.000     0.000
 0.000     0.000     0.000
 0.000     0.000     0.000
 0.000     0.000     0.000
 0.000     0.000     0.000
 0.000     0.000     0.000
 0.000     0.000     0.000
 0.000     0.000     0.000
 0.000     0.000     0.000
 0.000     0.000     0.000
 0.000     0.000     0.000
 0.000     0.000     0.000
 0.000     0.000     0.000
 0.000     0.000     0.000
 0.000     0.000     0.000
 0.000     0.000     0.000
 0.000     0.000     0.000
 0.000     0.000     0.000
 0.000     0.000     0.000
 0.000     0.000     0.000
 0.000     0.000     0.000
 0.000     0.000     0.000
 0.000     0.000     0.000
 0.000     0.000     0.000
 0.000     0.000     0.000
 0.000     0.000     0.000
 0.000     0.000     0.000
 0.000     0.000     0.000
 0.000     0.000     0.000
 0.000     0.000     0.000
 0.000     0.000     0.000
 0.000     0.000     0.000
 0.000     0.000     0.000
 0.000     0.000     0.000
 0.000     0.000     0.000
 0.000     0.000     0.000
 0.000     0.000     0.000
 0.000     0.000     0.000
 0.000     0.000     0.000
 0.000     0.000     0.000
 0.000     0.000     0.000
 0.000     0.000     0.000
 0.000     0.000     0.000
 0.000     0.000     0.000
 0.000     0.000     0.000
 0.000     0.000     0.000
 0.000     0.000     0.000
 0.000     0.000     0.000
 0.000     0.000     0.000
 0.000     0.000     0.000
 0.000     0.000     0.000
 0.000     0.000     0.000
 0.000     0.000     0.000
 0.000     0.000     0.000
 0.000     0.000     0.000
 0.000     0.000     0.000
 0.000     0.000     0.000
 0.000     0.000     0.000
 0.000     0.000     0.000
 0.000     0.000     0.000
 0.000     0.000     0.000
 0.000     0.000     0.000
 0.000     0.000     0.000
 0.000     0.000     0.000
 0.000     0.000     0.000
 0.000     0.000     0.000
 0.000     0.000     0.000
 0.000     0.000     0.000
 0.000     0.000     0.000
 0.000     0.000     0.000
 0.000     0.000     0.000
 0.000     0.000     0.000
 0.000     0.000     0.000
 0.000     0.000     0.000
 0.000     0.000     0.000
 0.000     0.000     0.000
 0.000     0.000     0.000
 0.000     0.000     0.000
 0.000     0.000     0.000
 0.000     0.000     0.000
 0.000     0.000     0.000
 0.000     0.000     0.000
 0.000     0.000     0.000
 0.000     0.000     0.000
 0.000     0.000     0.000
 0.000     0.000     0.000
 0.000     0.000     0.000
 0.000     0.000     0.000
 0.000     0.000     0.000
 0.000     0.000     0.000
 0.000     0.000     0.000
 0.000     0.000     0.000
 0.000     0.000     0.000
 0.000     0.000     0.000
 0.000     0.000     0.000
 0.000     0.000     0.000
 0.000     0.000     0.000
 0.000     0.000     0.000
 0.000     0.000     0.000
 0.000     0.000     0.000
 0.000     0.000     0.000
 0.000     0.000     0.000
 0.000     0.000     0.000
 0.000     0.000     0.000
 0.000     0.000     0.000
 0.000     0.000     0.000
 0.000     0.000     0.000
 0.000     0.000     0.000
 0.000     0.000     0.000
 0.000     0.000     0.000
 0.000     0.000     0.000
 0.000     0.000     0.000
 0.000     0.000     0.000
 0.000     0.000     0.000
 0.000     0.000     0.000
 0.000     0.000     0.000
 0.000     0.000     0.000
 0.000     0.000     0.000
 0.000     0.000     0.000
 0.000     0.000     0.000
 0.000     0.000     0.000
 0.000     0.000     0.000
 0.000     0.000     0.000
 0.000     0.000     0.000
 0.000     0.000     0.000
 0.000     0.000     0.000
 0.000     0.000     0.000
 0.000     0.000     0.000
 0.000     0.000     0.000
 0.000     0.000     0.000
 0.000     0.000     0.000
 0.000     0.000     0.000
 0.000     0.000     0.000
 0.000     0.000     0.000
 0.000     0.000     0.000
 0.000     0.000     0.000
 0.000     0.000     0.000
 0.000     0.000     0.000
 0.000     0.000     0.000
 0.000     0.000     0.000
 0.000     0.000     0.000
 0.000     0.000     0.000
 0.000     0.000     0.000
 0.000     0.000     0.000
 0.000     0.000     0.000
 0.000     0.000     0.000
 0.000     0.000     0.000
 0.000     0.000     0.000
 0.000     0.000     0.000
 0.000     0.000     0.000
 0.000     0.000     0.000
 0.000     0.000     0.000
 0.000     0.000     0.000
 0.000     0.000     0.000
 0.000     0.000     0.000
 0.000     0.000     0.000
 0.000     0.000     0.000
 0.000     0.000     0.000
 0.000     0.000     0.000
 0.000     0.000     0.000
 0.000     0.000     0.000
 0.000     0.000     0.000
 0.000     0.000     0.000
 0.000     0.000     0.000
 0.000     0.000     0.000
 0.000     0.000     0.000
 0.000     0.000     0.000
 0.000     0.000     0.000
 0.000     0.000     0.000
 0.000     0.000     0.000
 0.000     0.000     0.000
 0.000     0.000     0.000
 0.000     0.000     0.000
 0.000     0.000     0.000
 0.000     0.000     0.000
 0.000     0.000     0.000
 0.000     0.000     0.000
 0.000     0.000     0.000
 0.000     0.000     0.000
 0.000     0.000     0.000
 0.000     0.000     0.000
 0.000     0.000     0.000
 0.000     0.000     0.000
 0.000     0.000     0.000
 0.000     0.000     0.000
 0.000     0.000     0.000
 0.000     0.000     0.000
 0.000     0.000     0.000
 0.000     0.000     0.000
 0.000     0.000     0.000
 0.000     0.000     0.000
 0.000     0.000     0.000
 0.000     0.000     0.000
 0.000     0.000     0.000
 0.000     0.000     0.000
 0.000     0.000     0.000
 0.000     0.000     0.000
 0.000     0.000     0.000
 0.000     0.000     0.000
 0.000     0.000     0.000
 0.000     0.000     0.000
 0.000     0.000     0.000
 0.000     0.000     0.000
 0.000     0.000     0.000
 0.000     0.000     0.000
 0.000     0.000     0.000
 0.000     0.000     0.000
 0.000     0.000     0.000
 0.000     0.000     0.000
 0.000     0.000     0.000
 0.000     0.000     0.000
 0.000     0.000     0.000
 0.000     0.000     0.000
 0.000     0.000     0.000
 0.000     0.000     0.000
 0.000     0.000     0.000
 0.000     0.000     0.000
 0.000     0.000     0.000
 0.000     0.000     0.000
 0.000     0.000     0.000
 0.000     0.000     0.000
 0.000     0.000     0.000
 0.000     0.000     0.000
 0.000     0.000     0.000
 0.000     0.000     0.000
 0.000     0.000     0.000
 0.000     0.000     0.000
 0.000     0.000     0.000
 0.000     0.000     0.000
 0.000     0.000     0.000
 0.000     0.000     0.000
 0.000     0.000     0.000
 0.000     0.000     0.000
 0.000     0.000     0.000
 0.000     0.000     0.000
 0.000     0.000     0.000
 0.000     0.000     0.000
 0.000     0.000     0.000
 0.000     0.000     0.000
 0.000     0.000     0.000
 0.000     0.000     0.000
 0.000     0.000     0.000
 0.000     0.000     0.000
 0.000     0.000     0.000
 0.000     0.000     0.000
 0.000     0.000     0.000
 0.000     0.000     0.000