215.619     0.000    -0.000
215.619    -0.000     0.000
215.619     0.000    -0.000
215.619    -0.000    -0.000
215.619     0.000     0.000
215.619     0.000    -0.000
215.619    -0.000     0.000
215.619     0.000     0.000
215.619    -0.000    -0.000
215.619    -0.000     0.000
215.619     0.000    -0.000
215.619    -0.000     0.000
200.626    -0.000     0.000
200.626     0.000     0.000
200.626    -0.000    -0.000
200.626     0.000     0.000
200.626     0.000    -0.000
200.626    -0.000     0.000
200.626     0.000     0.000
200.626    -0.000    -0.000
200.626    -0.000     0.000
200.626     0.000    -0.000
200.626    -0.000    -0.000
200.626     0.000     0.000
200.626     0.000    -0.000
200.626    -0.000     0.000
200.626     0.000    -0.000
200.626    -0.000    -0.000
200.626     0.000     0.000
200.626     0.000    -0.000
200.626    -0.000     0.000
200.626     0.000     0.000
200.626    -0.000    -0.000
200.626    -0.000     0.000
200.626     0.000    -0.000
200.626    -0.000     0.000
200.939     0.001    -0.000
200.939    -0.001    -0.000
200.939     0.001     0.001
200.939    -0.000    -0.001
200.939    -0.000     0.001
200.939     0.001    -0.000
200.939    -0.001    -0.000
200.939     0.000     0.001
200.939     0.000    -0.001
200.939    -0.001     0.000
200.939     0.001     0.000
200.939    -0.000    -0.001
200.939     0.000     0.001
200.939     0.000    -0.001
200.939    -0.001     0.000
200.939     0.001     0.000
200.939    -0.000    -0.001
200.939    -0.000     0.001
200.939     0.001    -0.000
200.939    -0.001    -0.000
200.939     0.000     0.001
200.939     0.000    -0.001
200.939    -0.001     0.001
200.939     0.001    -0.000
223.429     0.000    -0.000
223.429    -0.001    -0.000
223.429     0.000     0.000
223.429    -0.000    -0.001
223.429    -0.000     0.000
223.429     0.001    -0.000
223.429    -0.001    -0.000
223.429     0.000     0.001
223.429     0.000    -0.001
223.429    -0.000     0.000
223.429     0.001     0.000
223.429    -0.000    -0.000
223.429     0.000     0.001
223.429     0.000    -0.000
223.429    -0.001     0.000
223.429     0.000     0.000
223.429    -0.000    -0.001
223.429    -0.000     0.001
223.429     0.001    -0.000
223.429    -0.001    -0.000
223.429     0.000     0.000
223.429     0.000    -0.001
223.429    -0.000     0.000
223.429     0.001    -0.000
205.696    -0.001     0.001
205.696     0.002     0.000
205.696    -0.001    -0.001
205.696     0.000     0.002
205.696     0.001    -0.001
205.696    -0.002     0.000
205.696     0.001     0.001
205.696    -0.001    -0.001
205.696    -0.000     0.002
205.696     0.001    -0.001
205.696    -0.002    -0.000
205.696     0.001     0.001
205.696     0.000    -0.002
205.696    -0.001     0.001
205.696     0.002    -0.000
205.696    -0.001    -0.001
205.696     0.000     0.002
205.696     0.001    -0.001
205.696    -0.001     0.001
205.696     0.002     0.000
205.696    -0.001    -0.001
205.696    -0.000     0.002
205.696     0.001    -0.001
205.696    -0.002     0.000
210.149     0.001    -0.001
210.149    -0.002    -0.000
210.149     0.001     0.001
210.149    -0.000    -0.002
210.149    -0.001     0.002
210.149     0.002    -0.000
210.149    -0.002    -0.001
210.149     0.001     0.002
210.149     0.001    -0.002
210.149    -0.002     0.001
210.149     0.002     0.000
210.149    -0.001    -0.001
210.149     0.000     0.002
210.149     0.001    -0.001
210.149    -0.002     0.000
210.149     0.002     0.001
210.149    -0.001    -0.002
210.149    -0.001     0.002
210.149     0.002    -0.001
210.149    -0.002    -0.000
210.149     0.001     0.002
210.149     0.000    -0.002
210.149    -0.001     0.001
210.149     0.002    -0.000
221.116    -0.001     0.001
221.116     0.001     0.000
221.116    -0.001    -0.001
221.116     0.000     0.001
221.116     0.001    -0.001
221.116    -0.001     0.000
221.116     0.001     0.001
221.116    -0.000    -0.001
221.116    -0.000     0.001
221.116     0.001    -0.001
221.116    -0.001    -0.000
221.116     0.001     0.001
221.116     0.000    -0.001
221.116    -0.001     0.001
221.116     0.001    -0.000
221.116    -0.001    -0.001
221.116     0.000     0.001
221.116     0.000    -0.001
221.116    -0.001     0.001
221.116     0.001     0.000
221.116    -0.001    -0.001
221.116    -0.000     0.001
221.116     0.001    -0.001
221.116    -0.001     0.000
200.000     0.000     0.000
200.000     0.000     0.000
200.000     0.000     0.000
200.000     0.000     0.000
200.000     0.000     0.000
200.000     0.000     0.000
200.000     0.000     0.000
200.000     0.000     0.000
200.000     0.000     0.000
200.000     0.000     0.000
200.000     0.000     0.000
200.000     0.000     0.000
200.000     0.000     0.000
200.000     0.000     0.000
200.000     0.000     0.000
200.000     0.000     0.000
200.000     0.000     0.000
200.000     0.000     0.000
200.000     0.000     0.000
200.000     0.000     0.000
200.000     0.000     0.000
200.000     0.000     0.000
200.000     0.000     0.000
200.000     0.000     0.000
221.116     0.001    -0.001
221.116    -0.001    -0.000
221.116     0.001     0.001
221.116    -0.000    -0.001
221.116    -0.001     0.001
221.116     0.001    -0.000
221.116    -0.001    -0.001
221.116     0.000     0.001
221.116     0.000    -0.001
221.116    -0.001     0.001
221.116     0.001     0.000
221.116    -0.001    -0.001
221.116     0.000     0.001
221.116     0.001    -0.001
221.116    -0.001     0.000
221.116     0.001     0.001
221.116    -0.000    -0.001
221.116    -0.000     0.001
221.116     0.001    -0.001
221.116    -0.001    -0.000
221.116     0.001     0.001
221.116     0.000    -0.001
221.116    -0.001     0.001
221.116     0.001    -0.000
210.149    -0.001     0.001
210.149     0.002     0.000
210.149    -0.001    -0.001
210.149     0.000     0.002
210.149     0.001    -0.002
210.149    -0.002     0.000
210.149     0.002     0.001
210.149    -0.001    -0.002
210.149    -0.001     0.002
210.149     0.002    -0.001
210.149    -0.002    -0.000
210.149     0.001     0.001
210.149     0.000    -0.002
210.149    -0.001     0.001
210.149     0.002    -0.000
210.149    -0.002    -0.001
210.149     0.001     0.002
210.149     0.001    -0.002
210.149    -0.002     0.001
210.149     0.002     0.000
210.149    -0.001    -0.002
210.149    -0.000     0.002
210.149     0.001    -0.001
210.149    -0.002     0.000
205.696     0.001    -0.001
205.696    -0.002    -0.000
205.696     0.001     0.001
205.696    -0.000    -0.002
205.696    -0.001     0.001
205.696     0.002    -0.000
205.696    -0.001    -0.001
205.696     0.001     0.001
205.696     0.000    -0.002
205.696    -0.001     0.001
205.696     0.002     0.000
205.696    -0.001    -0.001
205.696     0.000     0.002
205.696     0.001    -0.001
205.696    -0.002     0.000
205.696     0.001     0.001
205.696    -0.000    -0.002
205.696    -0.001     0.001
205.696     0.001    -0.001
205.696    -0.002    -0.000
205.696     0.001     0.001
205.696     0.000    -0.002
205.696    -0.001     0.001
205.696     0.002    -0.000
223.429    -0.000     0.000
223.429     0.001     0.000
223.429    -0.000    -0.000
223.429     0.000     0.001
223.429     0.000    -0.000
223.429    -0.001     0.000
223.429     0.001     0.000
223.429    -0.000    -0.001
223.429    -0.000     0.001
223.429     0.000    -0.000
223.429    -0.001    -0.000
223.429     0.000     0.000
223.429     0.000    -0.001
223.429    -0.000     0.000
223.429     0.001    -0.000
223.429    -0.000    -0.000
223.429     0.000     0.001
223.429     0.000    -0.001
223.429    -0.001     0.000
223.429     0.001     0.000
223.429    -0.000    -0.000
223.429    -0.000     0.001
223.429     0.000    -0.000
223.429    -0.001     0.000
200.939    -0.001     0.000
200.939     0.001     0.000
200.939    -0.001    -0.001
200.939     0.000     0.001
200.939     0.000    -0.001
200.939    -0.001     0.000
200.939     0.001     0.000
200.939    -0.000    -0.001
200.939    -0.000     0.001
200.939     0.001    -0.000
200.939    -0.001    -0.000
200.939     0.000     0.001
200.939     0.000    -0.001
200.939    -0.000     0.001
200.939     0.001    -0.000
200.939    -0.001    -0.000
200.939     0.000     0.001
200.939     0.000    -0.001
200.939    -0.001     0.000
200.939     0.001     0.000
200.939    -0.000    -0.001
200.939    -0.000     0.001
200.939     0.001    -0.001
200.939    -0.001     0.000
201.252     0.001    -0.001
201.252    -0.001    -0.000
201.252     0.001     0.001
201.252    -0.000    -0.001
201.252    -0.001     0.001
201.252     0.001    -0.000
201.252    -0.001    -0.000
201.252     0.000     0.001
201.252     0.000    -0.001
201.252    -0.001     0.001
201.252     0.001     0.000
201.252    -0.001    -0.001
201.252     0.000     0.001
201.252     0.001    -0.001
201.252    -0.001     0.000
201.252     0.001     0.001
201.252    -0.000    -0.001
201.252    -0.000     0.001
201.252     0.001    -0.000
201.252    -0.001    -0.000
201.252     0.001     0.001
201.252     0.000    -0.001
201.252    -0.001     0.001
201.252     0.001    -0.000
231.239     0.001    -0.000
231.239    -0.001    -0.000
231.239     0.001     0.001
231.239    -0.000    -0.001
231.239    -0.000     0.001
231.239     0.001    -0.000
231.239    -0.001    -0.000
231.239     0.000     0.001
231.239     0.000    -0.001
231.239    -0.001     0.000
231.239     0.001     0.000
231.239    -0.000    -0.001
231.239     0.000     0.001
231.239     0.000    -0.001
231.239    -0.001     0.000
231.239     0.001     0.000
231.239    -0.000    -0.001
231.239    -0.000     0.001
231.239     0.001    -0.000
231.239    -0.001    -0.000
231.239     0.000     0.001
231.239     0.000    -0.001
231.239    -0.001     0.001
231.239     0.001    -0.000
207.595    -0.002     0.001
207.595     0.002     0.000
207.595    -0.002    -0.001
207.595     0.000     0.002
207.595     0.001    -0.002
207.595    -0.002     0.001
207.595     0.002     0.001
207.595    -0.001    -0.002
207.595    -0.001     0.002
207.595     0.002    -0.001
207.595    -0.002    -0.000
207.595     0.001     0.002
207.595     0.000    -0.002
207.595    -0.001     0.002
207.595     0.002    -0.000
207.595    -0.002    -0.001
207.595     0.001     0.002
207.595     0.001    -0.002
207.595    -0.002     0.001
207.595     0.002     0.001
207.595    -0.001    -0.002
207.595    -0.000     0.002
207.595     0.002    -0.001
207.595    -0.002     0.000
213.532     0.002    -0.001
213.532    -0.002    -0.000
213.532     0.002     0.002
213.532    -0.000    -0.002
213.532    -0.001     0.002
213.532     0.002    -0.001
213.532    -0.002    -0.001
213.532     0.001     0.002
213.532     0.001    -0.002
213.532    -0.002     0.001
213.532     0.002     0.000
213.532    -0.002    -0.002
213.532     0.000     0.002
213.532     0.002    -0.002
213.532    -0.002     0.000
213.532     0.002     0.001
213.532    -0.001    -0.002
213.532    -0.001     0.002
213.532     0.002    -0.001
213.532    -0.002    -0.001
213.532     0.001     0.002
213.532     0.000    -0.002
213.532    -0.002     0.002
213.532     0.002    -0.000
228.155    -0.001     0.001
228.155     0.002     0.000
228.155    -0.001    -0.001
228.155     0.000     0.002
228.155     0.001    -0.001
228.155    -0.002     0.000
228.155     0.001     0.001
228.155    -0.001    -0.002
228.155    -0.000     0.002
228.155     0.001    -0.001
228.155    -0.002    -0.000
228.155     0.001     0.001
228.155     0.000    -0.002
228.155    -0.001     0.001
228.155     0.002    -0.000
228.155    -0.001    -0.001
228.155     0.000     0.002
228.155     0.001    -0.002
228.155    -0.001     0.001
228.155     0.002     0.000
228.155    -0.001    -0.001
228.155    -0.000     0.002
228.155     0.001    -0.001
228.155    -0.002     0.000
200.000     0.000     0.000
200.000     0.000     0.000
200.000     0.000     0.000
200.000     0.000     0.000
200.000     0.000     0.000
200.000     0.000     0.000
200.000     0.000     0.000
200.000     0.000     0.000
200.000     0.000     0.000
200.000     0.000     0.000
200.000     0.000     0.000
200.000     0.000     0.000
200.000     0.000     0.000
200.000     0.000     0.000
200.000     0.000     0.000
200.000     0.000     0.000
200.000     0.000     0.000
200.000     0.000     0.000
200.000     0.000     0.000
200.000     0.000     0.000
200.000     0.000     0.000
200.000     0.000     0.000
200.000     0.000     0.000
200.000     0.000     0.000
228.155     0.001    -0.001
228.155    -0.002    -0.000
228.155     0.001     0.001
228.155    -0.000    -0.002
228.155    -0.001     0.001
228.155     0.002    -0.000
228.155    -0.001    -0.001
228.155     0.001     0.002
228.155     0.000    -0.002
228.155    -0.001     0.001
228.155     0.002     0.000
228.155    -0.001    -0.001
228.155     0.000     0.002
228.155     0.001    -0.001
228.155    -0.002     0.000
228.155     0.001     0.001
228.155    -0.000    -0.002
228.155    -0.001     0.002
228.155     0.001    -0.001
228.155    -0.002    -0.000
228.155     0.001     0.001
228.155     0.000    -0.002
228.155    -0.001     0.001
228.155     0.002    -0.000
213.532    -0.002     0.001
213.532     0.002     0.000
213.532    -0.002    -0.002
213.532     0.000     0.002
213.532     0.001    -0.002
213.532    -0.002     0.001
213.532     0.002     0.001
213.532    -0.001    -0.002
213.532    -0.001     0.002
213.532     0.002    -0.001
213.532    -0.002    -0.000
213.532     0.002     0.002
213.532     0.000    -0.002
213.532    -0.002     0.002
213.532     0.002    -0.000
213.532    -0.002    -0.001
213.532     0.001     0.002
213.532     0.001    -0.002
213.532    -0.002     0.001
213.532     0.002     0.001
213.532    -0.001    -0.002
213.532    -0.000     0.002
213.532     0.002    -0.002
213.532    -0.002     0.000
207.595     0.002    -0.001
207.595    -0.002    -0.000
207.595     0.002     0.001
207.595    -0.000    -0.002
207.595    -0.001     0.002
207.595     0.002    -0.001
207.595    -0.002    -0.001
207.595     0.001     0.002
207.595     0.001    -0.002
207.595    -0.002     0.001
207.595     0.002     0.000
207.595    -0.001    -0.002
207.595     0.000     0.002
207.595     0.001    -0.002
207.595    -0.002     0.000
207.595     0.002     0.001
207.595    -0.001    -0.002
207.595    -0.001     0.002
207.595     0.002    -0.001
207.595    -0.002    -0.001
207.595     0.001     0.002
207.595     0.000    -0.002
207.595    -0.002     0.001
207.595     0.002    -0.000
231.239    -0.001     0.000
231.239     0.001     0.000
231.239    -0.001    -0.001
231.239     0.000     0.001
231.239     0.000    -0.001
231.239    -0.001     0.000
231.239     0.001     0.000
231.239    -0.000    -0.001
231.239    -0.000     0.001
231.239     0.001    -0.000
231.239    -0.001    -0.000
231.239     0.000     0.001
231.239     0.000    -0.001
231.239    -0.000     0.001
231.239     0.001    -0.000
231.239    -0.001    -0.000
231.239     0.000     0.001
231.239     0.000    -0.001
231.239    -0.001     0.000
231.239     0.001     0.000
231.239    -0.000    -0.001
231.239    -0.000     0.001
231.239     0.001    -0.001
231.239    -0.001     0.000
201.252    -0.001     0.001
201.252     0.001     0.000
201.252    -0.001    -0.001
201.252     0.000     0.001
201.252     0.001    -0.001
201.252    -0.001     0.000
201.252     0.001     0.000
201.252    -0.000    -0.001
201.252    -0.000     0.001
201.252     0.001    -0.001
201.252    -0.001    -0.000
201.252     0.001     0.001
201.252     0.000    -0.001
201.252    -0.001     0.001
201.252     0.001    -0.000
201.252    -0.001    -0.001
201.252     0.000     0.001
201.252     0.000    -0.001
201.252    -0.001     0.000
201.252     0.001     0.000
201.252    -0.001    -0.001
201.252    -0.000     0.001
201.252     0.001    -0.001
201.252    -0.001     0.000
201.565     0.001    -0.001
201.565    -0.001    -0.000
201.565     0.001     0.001
201.565    -0.000    -0.001
201.565    -0.001     0.001
201.565     0.001    -0.000
201.565    -0.001    -0.001
201.565     0.000     0.001
201.565     0.000    -0.001
201.565    -0.001     0.001
201.565     0.001     0.000
201.565    -0.001    -0.001
201.565     0.000     0.001
201.565     0.001    -0.001
201.565    -0.001     0.000
201.565     0.001     0.001
201.565    -0.000    -0.001
201.565    -0.000     0.001
201.565     0.001    -0.001
201.565    -0.001    -0.000
201.565     0.001     0.001
201.565     0.000    -0.001
201.565    -0.001     0.001
201.565     0.001    -0.000
239.048     0.001    -0.001
239.048    -0.001    -0.000
239.048     0.001     0.001
239.048    -0.000    -0.001
239.048    -0.001     0.001
239.048     0.001    -0.000
239.048    -0.001    -0.000
239.048     0.000     0.001
239.048     0.000    -0.001
239.048    -0.001     0.001
239.048     0.001     0.000
239.048    -0.001    -0.001
239.048     0.000     0.001
239.048     0.001    -0.001
239.048    -0.001     0.000
239.048     0.001     0.001
239.048    -0.000    -0.001
239.048    -0.000     0.001
239.048     0.001    -0.000
239.048    -0.001    -0.000
239.048     0.001     0.001
239.048     0.000    -0.001
239.048    -0.001     0.001
239.048     0.001    -0.000
209.494    -0.002     0.002
209.494     0.003     0.000
209.494    -0.002    -0.002
209.494     0.000     0.003
209.494     0.002    -0.002
209.494    -0.003     0.001
209.494     0.002     0.001
209.494    -0.001    -0.002
209.494    -0.001     0.003
209.494     0.002    -0.001
209.494    -0.003    -0.000
209.494     0.002     0.002
209.494     0.000    -0.003
209.494    -0.002     0.002
209.494     0.003    -0.000
209.494    -0.002    -0.001
209.494     0.001     0.003
209.494     0.001    -0.002
209.494    -0.002     0.001
209.494     0.003     0.001
209.494    -0.002    -0.002
209.494    -0.000     0.003
209.494     0.002    -0.002
209.494    -0.003     0.000
216.915     0.002    -0.002
216.915    -0.003    -0.000
216.915     0.002     0.002
216.915    -0.000    -0.003
216.915    -0.002     0.003
216.915     0.003    -0.001
216.915    -0.003    -0.001
216.915     0.001     0.003
216.915     0.001    -0.003
216.915    -0.003     0.002
216.915     0.003     0.000
216.915    -0.002    -0.002
216.915     0.000     0.003
216.915     0.002    -0.002
216.915    -0.003     0.000
216.915     0.003     0.002
216.915    -0.001    -0.003
216.915    -0.001     0.003
216.915     0.003    -0.001
216.915    -0.003    -0.001
216.915     0.002     0.003
216.915     0.000    -0.003
216.915    -0.002     0.002
216.915     0.003    -0.000
235.194    -0.002     0.001
235.194     0.002     0.000
235.194    -0.001    -0.001
235.194     0.000     0.002
235.194     0.001    -0.002
235.194    -0.002     0.000
235.194     0.002     0.001
235.194    -0.001    -0.002
235.194    -0.001     0.002
235.194     0.002    -0.001
235.194    -0.002    -0.000
235.194     0.001     0.002
235.194     0.000    -0.002
235.194    -0.001     0.002
235.194     0.002    -0.000
235.194    -0.002    -0.001
235.194     0.001     0.002
235.194     0.001    -0.002
235.194    -0.002     0.001
235.194     0.002     0.000
235.194    -0.001    -0.002
235.194    -0.000     0.002
235.194     0.001    -0.001
235.194    -0.002     0.000
200.000     0.000     0.000
200.000     0.000     0.000
200.000     0.000     0.000
200.000     0.000     0.000
200.000     0.000     0.000
200.000     0.000     0.000
200.000     0.000     0.000
200.000     0.000     0.000
200.000     0.000     0.000
200.000     0.000     0.000
200.000     0.000     0.000
200.000     0.000     0.000
200.000     0.000     0.000
200.000     0.000     0.000
200.000     0.000     0.000
200.000     0.000     0.000
200.000     0.000     0.000
200.000     0.000     0.000
200.000     0.000     0.000
200.000     0.000     0.000
200.000     0.000     0.000
200.000     0.000     0.000
200.000     0.000     0.000
200.000     0.000     0.000
235.194     0.002    -0.001
235.194    -0.002    -0.000
235.194     0.001     0.001
235.194    -0.000    -0.002
235.194    -0.001     0.002
235.194     0.002    -0.000
235.194    -0.002    -0.001
235.194     0.001     0.002
235.194     0.001    -0.002
235.194    -0.002     0.001
235.194     0.002     0.000
235.194    -0.001    -0.002
235.194     0.000     0.002
235.194     0.001    -0.002
235.194    -0.002     0.000
235.194     0.002     0.001
235.194    -0.001    -0.002
235.194    -0.001     0.002
235.194     0.002    -0.001
235.194    -0.002    -0.000
235.194     0.001     0.002
235.194     0.000    -0.002
235.194    -0.001     0.001
235.194     0.002    -0.000
216.915    -0.002     0.002
216.915     0.003     0.000
216.915    -0.002    -0.002
216.915     0.000     0.003
216.915     0.002    -0.003
216.915    -0.003     0.001
216.915     0.003     0.001
216.915    -0.001    -0.003
216.915    -0.001     0.003
216.915     0.003    -0.002
216.915    -0.003    -0.000
216.915     0.002     0.002
216.915     0.000    -0.003
216.915    -0.002     0.002
216.915     0.003    -0.000
216.915    -0.003    -0.002
216.915     0.001     0.003
216.915     0.001    -0.003
216.915    -0.003     0.001
216.915     0.003     0.001
216.915    -0.002    -0.003
216.915    -0.000     0.003
216.915     0.002    -0.002
216.915    -0.003     0.000
209.494     0.002    -0.002