209.494    -0.003    -0.000
209.494     0.002     0.002
209.494    -0.000    -0.003
209.494    -0.002     0.002
209.494     0.003    -0.001
209.494    -0.002    -0.001
209.494     0.001     0.002
209.494     0.001    -0.003
209.494    -0.002     0.001
209.494     0.003     0.000
209.494    -0.002    -0.002
209.494     0.000     0.003
209.494     0.002    -0.002
209.494    -0.003     0.000
209.494     0.002     0.001
209.494    -0.001    -0.003
209.494    -0.001     0.002
209.494     0.002    -0.001
209.494    -0.003    -0.001
209.494     0.002     0.002
209.494     0.000    -0.003
209.494    -0.002     0.002
209.494     0.003    -0.000
239.048    -0.001     0.001
239.048     0.001     0.000
239.048    -0.001    -0.001
239.048     0.000     0.001
239.048     0.001    -0.001
239.048    -0.001     0.000
239.048     0.001     0.000
239.048    -0.000    -0.001
239.048    -0.000     0.001
239.048     0.001    -0.001
239.048    -0.001    -0.000
239.048     0.001     0.001
239.048     0.000    -0.001
239.048    -0.001     0.001
239.048     0.001    -0.000
239.048    -0.001    -0.001
239.048     0.000     0.001
239.048     0.000    -0.001
239.048    -0.001     0.000
239.048     0.001     0.000
239.048    -0.001    -0.001
239.048    -0.000     0.001
239.048     0.001    -0.001
239.048    -0.001     0.000
201.565    -0.001     0.001
201.565     0.001     0.000
201.565    -0.001    -0.001
201.565     0.000     0.001
201.565     0.001    -0.001
201.565    -0.001     0.000
201.565     0.001     0.001
201.565    -0.000    -0.001
201.565    -0.000     0.001
201.565     0.001    -0.001
201.565    -0.001    -0.000
201.565     0.001     0.001
201.565     0.000    -0.001
201.565    -0.001     0.001
201.565     0.001    -0.000
201.565    -0.001    -0.001
201.565     0.000     0.001
201.565     0.000    -0.001
201.565    -0.001     0.001
201.565     0.001     0.000
201.565    -0.001    -0.001
201.565    -0.000     0.001
201.565     0.001    -0.001
201.565    -0.001     0.000
201.878     0.001    -0.001
201.878    -0.001    -0.000
201.878     0.001     0.001
201.878    -0.000    -0.001
201.878    -0.001     0.001
201.878     0.001    -0.000
201.878    -0.001    -0.001
201.878     0.001     0.001
201.878     0.000    -0.001
201.878    -0.001     0.001
201.878     0.001     0.000
201.878    -0.001    -0.001
201.878     0.000     0.001
201.878     0.001    -0.001
201.878    -0.001     0.000
201.878     0.001     0.001
201.878    -0.000    -0.001
201.878    -0.001     0.001
201.878     0.001    -0.001
201.878    -0.001    -0.000
201.878     0.001     0.001
201.878     0.000    -0.001
201.878    -0.001     0.001
201.878     0.001    -0.000
246.858     0.001    -0.001
246.858    -0.001    -0.000
246.858     0.001     0.001
246.858    -0.000    -0.001
246.858    -0.001     0.001
246.858     0.001    -0.000
246.858    -0.001    -0.001
246.858     0.000     0.001
246.858     0.000    -0.001
246.858    -0.001     0.001
246.858     0.001     0.000
246.858    -0.001    -0.001
246.858     0.000     0.001
246.858     0.001    -0.001
246.858    -0.001     0.000
246.858     0.001     0.001
246.858    -0.000    -0.001
246.858    -0.000     0.001
246.858     0.001    -0.001
246.858    -0.001    -0.000
246.858     0.001     0.001
246.858     0.000    -0.001
246.858    -0.001     0.001
246.858     0.001    -0.000
211.392    -0.003     0.002
211.392     0.003     0.000
211.392    -0.002    -0.002
211.392     0.000     0.003
211.392     0.002    -0.003
211.392    -0.003     0.001
211.392     0.003     0.001
211.392    -0.001    -0.003
211.392    -0.001     0.003
211.392     0.003    -0.002
211.392    -0.003    -0.000
211.392     0.002     0.002
211.392     0.000    -0.003
211.392    -0.002     0.002
211.392     0.003    -0.000
211.392    -0.003    -0.002
211.392     0.001     0.003
211.392     0.001    -0.003
211.392    -0.003     0.001
211.392     0.003     0.001
211.392    -0.002    -0.003
211.392    -0.000     0.003
211.392     0.002    -0.002
211.392    -0.003     0.000
220.298     0.003    -0.002
220.298    -0.004    -0.000
220.298     0.003     0.003
220.298    -0.000    -0.004
220.298    -0.002     0.003
220.298     0.004    -0.001
220.298    -0.003    -0.002
220.298     0.001     0.003
220.298     0.001    -0.004
220.298    -0.003     0.002
220.298     0.004     0.001
220.298    -0.002    -0.003
220.298     0.000     0.004
220.298     0.002    -0.003
220.298    -0.004     0.001
220.298     0.003     0.002
220.298    -0.001    -0.004
220.298    -0.001     0.003
220.298     0.003    -0.002
220.298    -0.004    -0.001
220.298     0.002     0.003
220.298     0.000    -0.004
220.298    -0.003     0.003
220.298     0.004    -0.000
242.233    -0.002     0.001
242.233     0.002     0.000
242.233    -0.002    -0.002
242.233     0.000     0.002
242.233     0.001    -0.002
242.233    -0.002     0.001
242.233     0.002     0.001
242.233    -0.001    -0.002
242.233    -0.001     0.002
242.233     0.002    -0.001
242.233    -0.002    -0.000
242.233     0.002     0.002
242.233     0.000    -0.002
242.233    -0.002     0.002
242.233     0.002    -0.000
242.233    -0.002    -0.001
242.233     0.001     0.002
242.233     0.001    -0.002
242.233    -0.002     0.001
242.233     0.002     0.001
242.233    -0.001    -0.002
242.233    -0.000     0.002
242.233     0.002    -0.002
242.233    -0.002     0.000
200.000     0.000     0.000
200.000     0.000     0.000
200.000     0.000     0.000
200.000     0.000     0.000
200.000     0.000     0.000
200.000     0.000     0.000
200.000     0.000     0.000
200.000     0.000     0.000
200.000     0.000     0.000
200.000     0.000     0.000
200.000     0.000     0.000
200.000     0.000     0.000
200.000     0.000     0.000
200.000     0.000     0.000
200.000     0.000     0.000
200.000     0.000     0.000
200.000     0.000     0.000
200.000     0.000     0.000
200.000     0.000     0.000
200.000     0.000     0.000
200.000     0.000     0.000
200.000     0.000     0.000
200.000     0.000     0.000
200.000     0.000     0.000
242.233     0.002    -0.001
242.233    -0.002    -0.000
242.233     0.002     0.002
242.233    -0.000    -0.002
242.233    -0.001     0.002
242.233     0.002    -0.001
242.233    -0.002    -0.001
242.233     0.001     0.002
242.233     0.001    -0.002
242.233    -0.002     0.001
242.233     0.002     0.000
242.233    -0.002    -0.002
242.233     0.000     0.002
242.233     0.002    -0.002
242.233    -0.002     0.000
242.233     0.002     0.001
242.233    -0.001    -0.002
242.233    -0.001     0.002
242.233     0.002    -0.001
242.233    -0.002    -0.001
242.233     0.001     0.002
242.233     0.000    -0.002
242.233    -0.002     0.002
242.233     0.002    -0.000
220.298    -0.003     0.002
220.298     0.004     0.000
220.298    -0.003    -0.003
220.298     0.000     0.004
220.298     0.002    -0.003
220.298    -0.004     0.001
220.298     0.003     0.002
220.298    -0.001    -0.003
220.298    -0.001     0.004
220.298     0.003    -0.002
220.298    -0.004    -0.001
220.298     0.002     0.003
220.298     0.000    -0.004
220.298    -0.002     0.003
220.298     0.004    -0.001
220.298    -0.003    -0.002
220.298     0.001     0.004
220.298     0.001    -0.003
220.298    -0.003     0.002
220.298     0.004     0.001
220.298    -0.002    -0.003
220.298    -0.000     0.004
220.298     0.003    -0.003
220.298    -0.004     0.000
211.392     0.003    -0.002
211.392    -0.003    -0.000
211.392     0.002     0.002
211.392    -0.000    -0.003
211.392    -0.002     0.003
211.392     0.003    -0.001
211.392    -0.003    -0.001
211.392     0.001     0.003
211.392     0.001    -0.003
211.392    -0.003     0.002
211.392     0.003     0.000
211.392    -0.002    -0.002
211.392     0.000     0.003
211.392     0.002    -0.002
211.392    -0.003     0.000
211.392     0.003     0.002
211.392    -0.001    -0.003
211.392    -0.001     0.003
211.392     0.003    -0.001
211.392    -0.003    -0.001
211.392     0.002     0.003
211.392     0.000    -0.003
211.392    -0.002     0.002
211.392     0.003    -0.000
246.858    -0.001     0.001
246.858     0.001     0.000
246.858    -0.001    -0.001
246.858     0.000     0.001
246.858     0.001    -0.001
246.858    -0.001     0.000
246.858     0.001     0.001
246.858    -0.000    -0.001
246.858    -0.000     0.001
246.858     0.001    -0.001
246.858    -0.001    -0.000
246.858     0.001     0.001
246.858     0.000    -0.001
246.858    -0.001     0.001
246.858     0.001    -0.000
246.858    -0.001    -0.001
246.858     0.000     0.001
246.858     0.000    -0.001
246.858    -0.001     0.001
246.858     0.001     0.000
246.858    -0.001    -0.001
246.858    -0.000     0.001
246.858     0.001    -0.001
246.858    -0.001     0.000
201.878    -0.001     0.001
201.878     0.001     0.000
201.878    -0.001    -0.001
201.878     0.000     0.001
201.878     0.001    -0.001
201.878    -0.001     0.000
201.878     0.001     0.001
201.878    -0.001    -0.001
201.878    -0.000     0.001
201.878     0.001    -0.001
201.878    -0.001    -0.000
201.878     0.001     0.001
201.878     0.000    -0.001
201.878    -0.001     0.001
201.878     0.001    -0.000
201.878    -0.001    -0.001
201.878     0.000     0.001
201.878     0.001    -0.001
201.878    -0.001     0.001
201.878     0.001     0.000
201.878    -0.001    -0.001
201.878    -0.000     0.001
201.878     0.001    -0.001
201.878    -0.001     0.000
202.191     0.001    -0.001
202.191    -0.002    -0.000
202.191     0.001     0.001
202.191    -0.000    -0.002
202.191    -0.001     0.001
202.191     0.002    -0.000
202.191    -0.002    -0.001
202.191     0.001     0.002
202.191     0.001    -0.002
202.191    -0.001     0.001
202.191     0.002     0.000
202.191    -0.001    -0.001
202.191     0.000     0.002
202.191     0.001    -0.001
202.191    -0.002     0.000
202.191     0.001     0.001
202.191    -0.001    -0.002
202.191    -0.001     0.002
202.191     0.002    -0.001
202.191    -0.002    -0.000
202.191     0.001     0.001
202.191     0.000    -0.002
202.191    -0.001     0.001
202.191     0.002    -0.000
254.668     0.001    -0.001
254.668    -0.001    -0.000
254.668     0.001     0.001
254.668    -0.000    -0.001
254.668    -0.001     0.001
254.668     0.001    -0.000
254.668    -0.001    -0.001
254.668     0.001     0.001
254.668     0.000    -0.001
254.668    -0.001     0.001
254.668     0.001     0.000
254.668    -0.001    -0.001
254.668     0.000     0.001
254.668     0.001    -0.001
254.668    -0.001     0.000
254.668     0.001     0.001
254.668    -0.000    -0.001
254.668    -0.001     0.001
254.668     0.001    -0.001
254.668    -0.001    -0.000
254.668     0.001     0.001
254.668     0.000    -0.001
254.668    -0.001     0.001
254.668     0.001    -0.000
213.291    -0.003     0.002
213.291     0.004     0.000
213.291    -0.003    -0.003
213.291     0.000     0.004
213.291     0.002    -0.003
213.291    -0.004     0.001
213.291     0.003     0.002
213.291    -0.001    -0.003
213.291    -0.001     0.004
213.291     0.003    -0.002
213.291    -0.004    -0.001
213.291     0.002     0.003
213.291     0.000    -0.004
213.291    -0.002     0.003
213.291     0.004    -0.001
213.291    -0.003    -0.002
213.291     0.001     0.004
213.291     0.001    -0.003
213.291    -0.003     0.002
213.291     0.004     0.001
213.291    -0.002    -0.003
213.291    -0.000     0.004
213.291     0.003    -0.003
213.291    -0.004     0.000
223.681     0.003    -0.003
223.681    -0.004    -0.000
223.681     0.003     0.003
223.681    -0.000    -0.004
223.681    -0.003     0.004
223.681     0.004    -0.001
223.681    -0.004    -0.002
223.681     0.002     0.004
223.681     0.001    -0.004
223.681    -0.004     0.002
223.681     0.004     0.001
223.681    -0.003    -0.003
223.681     0.000     0.004
223.681     0.003    -0.003
223.681    -0.004     0.001
223.681     0.004     0.002
223.681    -0.001    -0.004
223.681    -0.002     0.004
223.681     0.004    -0.002
223.681    -0.004    -0.001
223.681     0.003     0.004
223.681     0.000    -0.004
223.681    -0.003     0.003
223.681     0.004    -0.000
249.271    -0.002     0.002
249.271     0.003     0.000
249.271    -0.002    -0.002
249.271     0.000     0.003
249.271     0.002    -0.002
249.271    -0.003     0.001
249.271     0.003     0.001
249.271    -0.001    -0.003
249.271    -0.001     0.003
249.271     0.002    -0.002
249.271    -0.003    -0.000
249.271     0.002     0.002
249.271     0.000    -0.003
249.271    -0.002     0.002
249.271     0.003    -0.000
249.271    -0.002    -0.002
249.271     0.001     0.003
249.271     0.001    -0.003
249.271    -0.003     0.001
249.271     0.003     0.001
249.271    -0.002    -0.002
249.271    -0.000     0.003
249.271     0.002    -0.002
249.271    -0.003     0.000
200.000     0.000     0.000
200.000     0.000     0.000
200.000     0.000     0.000
200.000     0.000     0.000
200.000     0.000     0.000
200.000     0.000     0.000
200.000     0.000     0.000
200.000     0.000     0.000
200.000     0.000     0.000
200.000     0.000     0.000
200.000     0.000     0.000
200.000     0.000     0.000
200.000     0.000     0.000
200.000     0.000     0.000
200.000     0.000     0.000
200.000     0.000     0.000
200.000     0.000     0.000
200.000     0.000     0.000
200.000     0.000     0.000
200.000     0.000     0.000
200.000     0.000     0.000
200.000     0.000     0.000
200.000     0.000     0.000
200.000     0.000     0.000
249.271     0.002    -0.002
249.271    -0.003    -0.000
249.271     0.002     0.002
249.271    -0.000    -0.003
249.271    -0.002     0.002
249.271     0.003    -0.001
249.271    -0.003    -0.001
249.271     0.001     0.003
249.271     0.001    -0.003
249.271    -0.002     0.002
249.271     0.003     0.000
249.271    -0.002    -0.002
249.271     0.000     0.003
249.271     0.002    -0.002
249.271    -0.003     0.000
249.271     0.002     0.002
249.271    -0.001    -0.003
249.271    -0.001     0.003
249.271     0.003    -0.001
249.271    -0.003    -0.001
249.271     0.002     0.002
249.271     0.000    -0.003
249.271    -0.002     0.002
249.271     0.003    -0.000
223.681    -0.003     0.003
223.681     0.004     0.000
223.681    -0.003    -0.003
223.681     0.000     0.004
223.681     0.003    -0.004
223.681    -0.004     0.001
223.681     0.004     0.002
223.681    -0.002    -0.004
223.681    -0.001     0.004
223.681     0.004    -0.002
223.681    -0.004    -0.001
223.681     0.003     0.003
223.681     0.000    -0.004
223.681    -0.003     0.003
223.681     0.004    -0.001
223.681    -0.004    -0.002
223.681     0.001     0.004
223.681     0.002    -0.004
223.681    -0.004     0.002
223.681     0.004     0.001
223.681    -0.003    -0.004
223.681    -0.000     0.004
223.681     0.003    -0.003
223.681    -0.004     0.000
213.291     0.003    -0.002
213.291    -0.004    -0.000
213.291     0.003     0.003
213.291    -0.000    -0.004
213.291    -0.002     0.003
213.291     0.004    -0.001
213.291    -0.003    -0.002
213.291     0.001     0.003
213.291     0.001    -0.004
213.291    -0.003     0.002
213.291     0.004     0.001
213.291    -0.002    -0.003
213.291     0.000     0.004
213.291     0.002    -0.003
213.291    -0.004     0.001
213.291     0.003     0.002
213.291    -0.001    -0.004
213.291    -0.001     0.003
213.291     0.003    -0.002
213.291    -0.004    -0.001
213.291     0.002     0.003
213.291     0.000    -0.004
213.291    -0.003     0.003
213.291     0.004    -0.000
254.668    -0.001     0.001
254.668     0.001     0.000
254.668    -0.001    -0.001
254.668     0.000     0.001
254.668     0.001    -0.001
254.668    -0.001     0.000
254.668     0.001     0.001
254.668    -0.001    -0.001
254.668    -0.000     0.001
254.668     0.001    -0.001
254.668    -0.001    -0.000
254.668     0.001     0.001
254.668     0.000    -0.001
254.668    -0.001     0.001
254.668     0.001    -0.000
254.668    -0.001    -0.001
254.668     0.000     0.001
254.668     0.001    -0.001
254.668    -0.001     0.001
254.668     0.001     0.000
254.668    -0.001    -0.001
254.668    -0.000     0.001
254.668     0.001    -0.001
254.668    -0.001     0.000
202.191    -0.001     0.001
202.191     0.002     0.000
202.191    -0.001    -0.001
202.191     0.000     0.002
202.191     0.001    -0.001
202.191    -0.002     0.000
202.191     0.002     0.001
202.191    -0.001    -0.002
202.191    -0.001     0.002
202.191     0.001    -0.001
202.191    -0.002    -0.000
202.191     0.001     0.001
202.191     0.000    -0.002
202.191    -0.001     0.001
202.191     0.002    -0.000
202.191    -0.001    -0.001
202.191     0.001     0.002
202.191     0.001    -0.002
202.191    -0.002     0.001
202.191     0.002     0.000
202.191    -0.001    -0.001
202.191    -0.000     0.002
202.191     0.001    -0.001
202.191    -0.002     0.000
202.504     0.002    -0.001
202.504    -0.002    -0.000
202.504     0.001     0.001
202.504    -0.000    -0.002
202.504    -0.001     0.002
202.504     0.002    -0.000
202.504    -0.002    -0.001
202.504     0.001     0.002
202.504     0.001    -0.002
202.504    -0.002     0.001
202.504     0.002     0.000
202.504    -0.001    -0.001
202.504     0.000     0.002
202.504     0.001    -0.001
202.504    -0.002     0.000
202.504     0.002     0.001
202.504    -0.001    -0.002
202.504    -0.001     0.002
202.504     0.002    -0.001
202.504    -0.002    -0.000
202.504     0.001     0.002
202.504     0.000    -0.002
202.504    -0.001     0.001
202.504     0.002    -0.000
262.477     0.001    -0.001
262.477    -0.002    -0.000
262.477     0.001     0.001
262.477    -0.000    -0.002
262.477    -0.001     0.001
262.477     0.001    -0.000
262.477    -0.001    -0.001
262.477     0.001     0.001
262.477     0.000    -0.001
262.477    -0.001     0.001
262.477     0.002     0.000
262.477    -0.001    -0.001
262.477     0.000     0.002
262.477     0.001    -0.001
262.477    -0.002     0.000
262.477     0.001     0.001
262.477    -0.000    -0.001
262.477    -0.001     0.001
262.477     0.001    -0.001
262.477    -0.001    -0.000
262.477     0.001     0.001
262.477     0.000    -0.002
262.477    -0.001     0.001
262.477     0.002    -0.000
215.190    -0.003     0.003
215.190     0.004     0.000
215.190    -0.003    -0.003
215.190     0.000     0.004
215.190     0.002    -0.003
215.190    -0.004     0.001
215.190     0.004     0.002
215.190    -0.002    -0.004
215.190    -0.001     0.004
215.190     0.004    -0.002
215.190    -0.004    -0.001
215.190     0.003     0.003
215.190     0.000    -0.004
215.190    -0.003     0.003
215.190     0.004    -0.001
215.190    -0.004    -0.002
215.190     0.001     0.004
215.190     0.002    -0.004
215.190    -0.004     0.002
215.190     0.004     0.001
215.190    -0.002    -0.003
215.190    -0.000     0.004
215.190     0.003    -0.003
215.190    -0.004     0.000
227.064     0.004    -0.003
227.064    -0.005    -0.000
227.064     0.004     0.003
227.064    -0.000    -0.005
227.064    -0.003     0.004
227.064     0.005    -0.001
227.064    -0.004    -0.002
227.064     0.002     0.005
227.064     0.002    -0.005
227.064    -0.004     0.003
227.064     0.005     0.001
227.064    -0.003    -0.004
227.064     0.000     0.005
227.064     0.003    -0.004
227.064    -0.005     0.001
227.064     0.004     0.003
227.064    -0.002    -0.005
227.064    -0.002     0.005
227.064     0.004    -0.002
227.064    -0.005    -0.001
227.064     0.003     0.004
227.064     0.000    -0.005
227.064    -0.004     0.003
227.064     0.005    -0.000
256.310    -0.003     0.002
256.310     0.003     0.000
256.310    -0.002    -0.002
256.310     0.000     0.003
256.310     0.002    -0.003
256.310    -0.003     0.001
256.310     0.003     0.001
256.310    -0.001    -0.003
256.310    -0.001     0.003
256.310     0.003    -0.002
256.310    -0.003    -0.001
256.310     0.002     0.002
256.310     0.000    -0.003
256.310    -0.002     0.002
256.310     0.003    -0.001
256.310    -0.003    -0.002
256.310     0.001     0.003
256.310     0.001    -0.003
256.310    -0.003     0.001
256.310     0.003     0.001
256.310    -0.002    -0.003
256.310    -0.000     0.003
256.310     0.002    -0.002
256.310    -0.003     0.000
200.000     0.000     0.000
200.000     0.000     0.000
200.000     0.000     0.000
200.000     0.000     0.000
200.000     0.000     0.000
200.000     0.000     0.000
200.000     0.000     0.000
200.000     0.000     0.000
200.000     0.000     0.000
200.000     0.000     0.000
200.000     0.000     0.000
200.000     0.000     0.000
200.000     0.000     0.000
200.000     0.000     0.000
200.000     0.000     0.000
200.000     0.000     0.000
200.000     0.000     0.000
200.000     0.000     0.000
200.000     0.000     0.000
200.000     0.000     0.000
200.000     0.000     0.000
200.000     0.000     0.000
200.000     0.000     0.000
200.000     0.000     0.000
256.310     0.003    -0.002
256.310    -0.003    -0.000
256.310     0.002     0.002
256.310    -0.000    -0.003
256.310    -0.002     0.003
256.310     0.003    -0.001
256.310    -0.003    -0.001
256.310     0.001     0.003
256.310     0.001    -0.003
256.310    -0.003     0.002
256.310     0.003     0.001
256.310    -0.002    -0.002
256.310     0.000     0.003
256.310     0.002    -0.002